Sample	Copy_number	Chr	Allele_A	Allele_B	Allele_C	Allele_D	Tested_genotypes	Valid_genotypes	Error_list	Missed_genotypes	Missed_list	Ratio
HG00733	2	chr19	KIR2DL1.00303	KIR2DL1.035	NA	NA	76	76	none	4	54775343;54775370;54775401;54783763	1.000000
HG00733	2	chr19	KIR2DL1.00303	KIR2DL1.0040101	NA	NA	76	75	54778656	4	54775343;54775370;54775401;54783763	0.986842
HG00733	2	chr19	KIR2DL1.00303	KIR2DL1.0040102	NA	NA	76	75	54778656	4	54775343;54775370;54775401;54783763	0.986842
HG00733	2	chr19	KIR2DL1.00303	KIR2DL1.0040112	NA	NA	76	75	54778656	4	54775343;54775370;54775401;54783763	0.986842
HG00733	2	chr19	KIR2DL1.00303	KIR2DL1.0510101	NA	NA	76	75	54778656	4	54775343;54775370;54775401;54783763	0.986842
HG00733	2	chr19	KIR2DL1.00303	KIR2DL1.056	NA	NA	76	75	54778656	4	54775343;54775370;54775401;54783763	0.986842
HG00733	2	chr19	KIR2DL1.00306	KIR2DL1.035	NA	NA	76	75	54783019	4	54775343;54775370;54775401;54783763	0.986842
HG00733	2	chr19	KIR2DL1.00601	KIR2DL1.01202	NA	NA	76	75	54775317	4	54775343;54775370;54775401;54783763	0.986842
HG00733	2	chr19	KIR2DL1.01202	KIR2DL1.035	NA	NA	76	75	54775198	4	54775343;54775370;54775401;54783763	0.986842
HG00733	2	chr19	KIR2DL1.016	KIR2DL1.035	NA	NA	76	75	54783715	4	54775343;54775370;54775401;54783763	0.986842
HG00733	2	chr19	KIR2DL1.0030201	KIR2DL1.035	NA	NA	76	74	54773406;54783019	4	54775343;54775370;54775401;54783763	0.973684
HG00733	2	chr19	KIR2DL1.0030202	KIR2DL1.035	NA	NA	76	74	54773406;54783019	4	54775343;54775370;54775401;54783763	0.973684
HG00733	2	chr19	KIR2DL1.0030204	KIR2DL1.035	NA	NA	76	74	54773406;54783019	4	54775343;54775370;54775401;54783763	0.973684
HG00733	2	chr19	KIR2DL1.0030205	KIR2DL1.035	NA	NA	76	74	54773406;54783019	4	54775343;54775370;54775401;54783763	0.973684
HG00733	2	chr19	KIR2DL1.0030222	KIR2DL1.035	NA	NA	76	74	54773406;54783019	4	54775343;54775370;54775401;54783763	0.973684
HG00733	2	chr19	KIR2DL1.0030230	KIR2DL1.035	NA	NA	76	74	54773406;54783019	4	54775343;54775370;54775401;54783763	0.973684
HG00733	2	chr19	KIR2DL1.0030232	KIR2DL1.035	NA	NA	76	74	54773406;54783019	4	54775343;54775370;54775401;54783763	0.973684
HG00733	2	chr19	KIR2DL1.0030241	KIR2DL1.035	NA	NA	76	74	54773406;54783019	4	54775343;54775370;54775401;54783763	0.973684
HG00733	2	chr19	KIR2DL1.00303	KIR2DL1.00601	NA	NA	76	74	54775198;54775317	4	54775343;54775370;54775401;54783763	0.973684
HG00733	2	chr19	KIR2DL1.00303	KIR2DL1.010	NA	NA	76	74	54778656;54783002	4	54775343;54775370;54775401;54783763	0.973684
HG00733	2	chr19	KIR2DL1.00303	KIR2DL1.01201	NA	NA	76	74	54775317;54783002	4	54775343;54775370;54775401;54783763	0.973684
HG00733	2	chr19	KIR2DL1.00306	KIR2DL1.0040101	NA	NA	76	74	54778656;54783019	4	54775343;54775370;54775401;54783763	0.973684
HG00733	2	chr19	KIR2DL1.00306	KIR2DL1.0040102	NA	NA	76	74	54778656;54783019	4	54775343;54775370;54775401;54783763	0.973684
HG00733	2	chr19	KIR2DL1.00306	KIR2DL1.0040112	NA	NA	76	74	54778656;54783019	4	54775343;54775370;54775401;54783763	0.973684
HG00733	2	chr19	KIR2DL1.00306	KIR2DL1.01202	NA	NA	76	74	54775317;54783002	4	54775343;54775370;54775401;54783763	0.973684
HG00733	2	chr19	KIR2DL1.00306	KIR2DL1.0510101	NA	NA	76	74	54778656;54783019	4	54775343;54775370;54775401;54783763	0.973684
HG00733	2	chr19	KIR2DL1.00306	KIR2DL1.056	NA	NA	76	74	54778656;54783019	4	54775343;54775370;54775401;54783763	0.973684
HG00733	2	chr19	KIR2DL1.0040101	KIR2DL1.01202	NA	NA	76	74	54775198;54778656	4	54775343;54775370;54775401;54783763	0.973684
HG00733	2	chr19	KIR2DL1.0040101	KIR2DL1.016	NA	NA	76	74	54778656;54783715	4	54775343;54775370;54775401;54783763	0.973684
HG00733	2	chr19	KIR2DL1.0040102	KIR2DL1.01202	NA	NA	76	74	54775198;54778656	4	54775343;54775370;54775401;54783763	0.973684
HG00733	2	chr19	KIR2DL1.0040102	KIR2DL1.016	NA	NA	76	74	54778656;54783715	4	54775343;54775370;54775401;54783763	0.973684
HG00733	2	chr19	KIR2DL1.0040112	KIR2DL1.01202	NA	NA	76	74	54775198;54778656	4	54775343;54775370;54775401;54783763	0.973684
HG00733	2	chr19	KIR2DL1.0040112	KIR2DL1.016	NA	NA	76	74	54778656;54783715	4	54775343;54775370;54775401;54783763	0.973684
HG00733	2	chr19	KIR2DL1.005	KIR2DL1.035	NA	NA	76	74	54783019;54783517	4	54775343;54775370;54775401;54783763	0.973684
HG00733	2	chr19	KIR2DL1.00601	KIR2DL1.01201	NA	NA	76	74	54775317;54783019	4	54775343;54775370;54775401;54783763	0.973684
HG00733	2	chr19	KIR2DL1.00601	KIR2DL1.019	NA	NA	76	74	54775317;54782945	4	54775343;54775370;54775401;54783763	0.973684
HG00733	2	chr19	KIR2DL1.00602	KIR2DL1.01202	NA	NA	76	74	54773406;54775317	4	54775343;54775370;54775401;54783763	0.973684
HG00733	2	chr19	KIR2DL1.01201	KIR2DL1.035	NA	NA	76	74	54775198;54783019	4	54775343;54775370;54775401;54783763	0.973684
HG00733	2	chr19	KIR2DL1.01202	KIR2DL1.0510101	NA	NA	76	74	54775198;54778656	4	54775343;54775370;54775401;54783763	0.973684
HG00733	2	chr19	KIR2DL1.01202	KIR2DL1.056	NA	NA	76	74	54775198;54778656	4	54775343;54775370;54775401;54783763	0.973684
HG00733	2	chr19	KIR2DL1.016	KIR2DL1.0510101	NA	NA	76	74	54778656;54783715	4	54775343;54775370;54775401;54783763	0.973684
HG00733	2	chr19	KIR2DL1.016	KIR2DL1.056	NA	NA	76	74	54778656;54783715	4	54775343;54775370;54775401;54783763	0.973684
HG00733	2	chr19	KIR2DL1.019	KIR2DL1.035	NA	NA	76	74	54775198;54782945	4	54775343;54775370;54775401;54783763	0.973684
HG00733	2	chr19	KIR2DL1.0010101	KIR2DL1.00303	NA	NA	76	73	54773369;54775317;54783002	4	54775343;54775370;54775401;54783763	0.960526
HG00733	2	chr19	KIR2DL1.0010101	KIR2DL1.00601	NA	NA	76	73	54773369;54775317;54783019	4	54775343;54775370;54775401;54783763	0.960526
HG00733	2	chr19	KIR2DL1.0010101	KIR2DL1.035	NA	NA	76	73	54773369;54775198;54783019	4	54775343;54775370;54775401;54783763	0.960526
HG00733	2	chr19	KIR2DL1.0030201	KIR2DL1.0040101	NA	NA	76	73	54773406;54778656;54783019	4	54775343;54775370;54775401;54783763	0.960526
HG00733	2	chr19	KIR2DL1.0030201	KIR2DL1.0040102	NA	NA	76	73	54773406;54778656;54783019	4	54775343;54775370;54775401;54783763	0.960526
HG00733	2	chr19	KIR2DL1.0030201	KIR2DL1.0040112	NA	NA	76	73	54773406;54778656;54783019	4	54775343;54775370;54775401;54783763	0.960526
HG00733	2	chr19	KIR2DL1.0030201	KIR2DL1.01202	NA	NA	76	73	54773406;54775317;54783002	4	54775343;54775370;54775401;54783763	0.960526
HG00733	2	chr19	KIR2DL1.0030201	KIR2DL1.0510101	NA	NA	76	73	54773406;54778656;54783019	4	54775343;54775370;54775401;54783763	0.960526
HG00733	2	chr19	KIR2DL1.0030201	KIR2DL1.056	NA	NA	76	73	54773406;54778656;54783019	4	54775343;54775370;54775401;54783763	0.960526
HG00733	2	chr19	KIR2DL1.0030202	KIR2DL1.0040101	NA	NA	76	73	54773406;54778656;54783019	4	54775343;54775370;54775401;54783763	0.960526
HG00733	2	chr19	KIR2DL1.0030202	KIR2DL1.0040102	NA	NA	76	73	54773406;54778656;54783019	4	54775343;54775370;54775401;54783763	0.960526
HG00733	2	chr19	KIR2DL1.0030202	KIR2DL1.0040112	NA	NA	76	73	54773406;54778656;54783019	4	54775343;54775370;54775401;54783763	0.960526
HG00733	2	chr19	KIR2DL1.0030202	KIR2DL1.01202	NA	NA	76	73	54773406;54775317;54783002	4	54775343;54775370;54775401;54783763	0.960526
HG00733	2	chr19	KIR2DL1.0030202	KIR2DL1.0510101	NA	NA	76	73	54773406;54778656;54783019	4	54775343;54775370;54775401;54783763	0.960526
HG00733	2	chr19	KIR2DL1.0030202	KIR2DL1.056	NA	NA	76	73	54773406;54778656;54783019	4	54775343;54775370;54775401;54783763	0.960526
HG00733	2	chr19	KIR2DL1.0030204	KIR2DL1.0040101	NA	NA	76	73	54773406;54778656;54783019	4	54775343;54775370;54775401;54783763	0.960526
HG00733	2	chr19	KIR2DL1.0030204	KIR2DL1.0040102	NA	NA	76	73	54773406;54778656;54783019	4	54775343;54775370;54775401;54783763	0.960526
HG00733	2	chr19	KIR2DL1.0030204	KIR2DL1.0040112	NA	NA	76	73	54773406;54778656;54783019	4	54775343;54775370;54775401;54783763	0.960526
HG00733	2	chr19	KIR2DL1.0030204	KIR2DL1.01202	NA	NA	76	73	54773406;54775317;54783002	4	54775343;54775370;54775401;54783763	0.960526
HG00733	2	chr19	KIR2DL1.0030204	KIR2DL1.0510101	NA	NA	76	73	54773406;54778656;54783019	4	54775343;54775370;54775401;54783763	0.960526
HG00733	2	chr19	KIR2DL1.0030204	KIR2DL1.056	NA	NA	76	73	54773406;54778656;54783019	4	54775343;54775370;54775401;54783763	0.960526
HG00733	2	chr19	KIR2DL1.0030205	KIR2DL1.0040101	NA	NA	76	73	54773406;54778656;54783019	4	54775343;54775370;54775401;54783763	0.960526
HG00733	2	chr19	KIR2DL1.0030205	KIR2DL1.0040102	NA	NA	76	73	54773406;54778656;54783019	4	54775343;54775370;54775401;54783763	0.960526
HG00733	2	chr19	KIR2DL1.0030205	KIR2DL1.0040112	NA	NA	76	73	54773406;54778656;54783019	4	54775343;54775370;54775401;54783763	0.960526
HG00733	2	chr19	KIR2DL1.0030205	KIR2DL1.01202	NA	NA	76	73	54773406;54775317;54783002	4	54775343;54775370;54775401;54783763	0.960526
HG00733	2	chr19	KIR2DL1.0030205	KIR2DL1.0510101	NA	NA	76	73	54773406;54778656;54783019	4	54775343;54775370;54775401;54783763	0.960526
HG00733	2	chr19	KIR2DL1.0030205	KIR2DL1.056	NA	NA	76	73	54773406;54778656;54783019	4	54775343;54775370;54775401;54783763	0.960526
HG00733	2	chr19	KIR2DL1.0030222	KIR2DL1.0040101	NA	NA	76	73	54773406;54778656;54783019	4	54775343;54775370;54775401;54783763	0.960526
HG00733	2	chr19	KIR2DL1.0030222	KIR2DL1.0040102	NA	NA	76	73	54773406;54778656;54783019	4	54775343;54775370;54775401;54783763	0.960526
HG00733	2	chr19	KIR2DL1.0030222	KIR2DL1.0040112	NA	NA	76	73	54773406;54778656;54783019	4	54775343;54775370;54775401;54783763	0.960526
HG00733	2	chr19	KIR2DL1.0030222	KIR2DL1.01202	NA	NA	76	73	54773406;54775317;54783002	4	54775343;54775370;54775401;54783763	0.960526
HG00733	2	chr19	KIR2DL1.0030222	KIR2DL1.0510101	NA	NA	76	73	54773406;54778656;54783019	4	54775343;54775370;54775401;54783763	0.960526
HG00733	2	chr19	KIR2DL1.0030222	KIR2DL1.056	NA	NA	76	73	54773406;54778656;54783019	4	54775343;54775370;54775401;54783763	0.960526
HG00733	2	chr19	KIR2DL1.0030230	KIR2DL1.0040101	NA	NA	76	73	54773406;54778656;54783019	4	54775343;54775370;54775401;54783763	0.960526
HG00733	2	chr19	KIR2DL1.0030230	KIR2DL1.0040102	NA	NA	76	73	54773406;54778656;54783019	4	54775343;54775370;54775401;54783763	0.960526
HG00733	2	chr19	KIR2DL1.0030230	KIR2DL1.0040112	NA	NA	76	73	54773406;54778656;54783019	4	54775343;54775370;54775401;54783763	0.960526
HG00733	2	chr19	KIR2DL1.0030230	KIR2DL1.01202	NA	NA	76	73	54773406;54775317;54783002	4	54775343;54775370;54775401;54783763	0.960526
HG00733	2	chr19	KIR2DL1.0030230	KIR2DL1.0510101	NA	NA	76	73	54773406;54778656;54783019	4	54775343;54775370;54775401;54783763	0.960526
HG00733	2	chr19	KIR2DL1.0030230	KIR2DL1.056	NA	NA	76	73	54773406;54778656;54783019	4	54775343;54775370;54775401;54783763	0.960526
HG00733	2	chr19	KIR2DL1.0030232	KIR2DL1.0040101	NA	NA	76	73	54773406;54778656;54783019	4	54775343;54775370;54775401;54783763	0.960526
HG00733	2	chr19	KIR2DL1.0030232	KIR2DL1.0040102	NA	NA	76	73	54773406;54778656;54783019	4	54775343;54775370;54775401;54783763	0.960526
HG00733	2	chr19	KIR2DL1.0030232	KIR2DL1.0040112	NA	NA	76	73	54773406;54778656;54783019	4	54775343;54775370;54775401;54783763	0.960526
HG00733	2	chr19	KIR2DL1.0030232	KIR2DL1.01202	NA	NA	76	73	54773406;54775317;54783002	4	54775343;54775370;54775401;54783763	0.960526
HG00733	2	chr19	KIR2DL1.0030232	KIR2DL1.0510101	NA	NA	76	73	54773406;54778656;54783019	4	54775343;54775370;54775401;54783763	0.960526
HG00733	2	chr19	KIR2DL1.0030232	KIR2DL1.056	NA	NA	76	73	54773406;54778656;54783019	4	54775343;54775370;54775401;54783763	0.960526
HG00733	2	chr19	KIR2DL1.0030241	KIR2DL1.0040101	NA	NA	76	73	54773406;54778656;54783019	4	54775343;54775370;54775401;54783763	0.960526
HG00733	2	chr19	KIR2DL1.0030241	KIR2DL1.0040102	NA	NA	76	73	54773406;54778656;54783019	4	54775343;54775370;54775401;54783763	0.960526
HG00733	2	chr19	KIR2DL1.0030241	KIR2DL1.0040112	NA	NA	76	73	54773406;54778656;54783019	4	54775343;54775370;54775401;54783763	0.960526
HG00733	2	chr19	KIR2DL1.0030241	KIR2DL1.01202	NA	NA	76	73	54773406;54775317;54783002	4	54775343;54775370;54775401;54783763	0.960526
HG00733	2	chr19	KIR2DL1.0030241	KIR2DL1.0510101	NA	NA	76	73	54773406;54778656;54783019	4	54775343;54775370;54775401;54783763	0.960526
HG00733	2	chr19	KIR2DL1.0030241	KIR2DL1.056	NA	NA	76	73	54773406;54778656;54783019	4	54775343;54775370;54775401;54783763	0.960526
HG00733	2	chr19	KIR2DL1.00303	KIR2DL1.00306	NA	NA	76	73	54775198;54775317;54783002	4	54775343;54775370;54775401;54783763	0.960526
HG00733	2	chr19	KIR2DL1.00303	KIR2DL1.00602	NA	NA	76	73	54773406;54775198;54775317	4	54775343;54775370;54775401;54783763	0.960526
HG00733	2	chr19	KIR2DL1.00303	KIR2DL1.01202	NA	NA	76	73	54775317;54783002;54783019	4	54775343;54775370;54775401;54783763	0.960526
HG00733	2	chr19	KIR2DL1.00303	KIR2DL1.026	NA	NA	76	73	54775317;54783002;54783007	4	54775343;54775370;54775401;54783763	0.960526
HG00733	2	chr19	KIR2DL1.00306	KIR2DL1.00601	NA	NA	76	73	54775198;54775317;54783019	4	54775343;54775370;54775401;54783763	0.960526
HG00733	2	chr19	KIR2DL1.00306	KIR2DL1.010	NA	NA	76	73	54778656;54783002;54783019	4	54775343;54775370;54775401;54783763	0.960526
HG00733	2	chr19	KIR2DL1.00306	KIR2DL1.01201	NA	NA	76	73	54775317;54783002;54783019	4	54775343;54775370;54775401;54783763	0.960526
HG00733	2	chr19	KIR2DL1.00306	KIR2DL1.019	NA	NA	76	73	54775317;54782945;54783002	4	54775343;54775370;54775401;54783763	0.960526
HG00733	2	chr19	KIR2DL1.0040101	KIR2DL1.005	NA	NA	76	73	54778656;54783019;54783517	4	54775343;54775370;54775401;54783763	0.960526
HG00733	2	chr19	KIR2DL1.0040101	KIR2DL1.01201	NA	NA	76	73	54775198;54778656;54783019	4	54775343;54775370;54775401;54783763	0.960526
HG00733	2	chr19	KIR2DL1.0040101	KIR2DL1.019	NA	NA	76	73	54775198;54778656;54782945	4	54775343;54775370;54775401;54783763	0.960526
HG00733	2	chr19	KIR2DL1.0040102	KIR2DL1.005	NA	NA	76	73	54778656;54783019;54783517	4	54775343;54775370;54775401;54783763	0.960526
HG00733	2	chr19	KIR2DL1.0040102	KIR2DL1.01201	NA	NA	76	73	54775198;54778656;54783019	4	54775343;54775370;54775401;54783763	0.960526
HG00733	2	chr19	KIR2DL1.0040102	KIR2DL1.019	NA	NA	76	73	54775198;54778656;54782945	4	54775343;54775370;54775401;54783763	0.960526
HG00733	2	chr19	KIR2DL1.0040112	KIR2DL1.005	NA	NA	76	73	54778656;54783019;54783517	4	54775343;54775370;54775401;54783763	0.960526
HG00733	2	chr19	KIR2DL1.0040112	KIR2DL1.01201	NA	NA	76	73	54775198;54778656;54783019	4	54775343;54775370;54775401;54783763	0.960526
HG00733	2	chr19	KIR2DL1.0040112	KIR2DL1.019	NA	NA	76	73	54775198;54778656;54782945	4	54775343;54775370;54775401;54783763	0.960526
HG00733	2	chr19	KIR2DL1.005	KIR2DL1.01202	NA	NA	76	73	54775317;54783002;54783517	4	54775343;54775370;54775401;54783763	0.960526
HG00733	2	chr19	KIR2DL1.005	KIR2DL1.056	NA	NA	76	73	54778656;54783019;54783517	4	54775343;54775370;54775401;54783763	0.960526
HG00733	2	chr19	KIR2DL1.00601	KIR2DL1.010	NA	NA	76	73	54775343;54778656;54783019	4	54775343;54775370;54775401;54783763	0.960526
HG00733	2	chr19	KIR2DL1.00601	KIR2DL1.016	NA	NA	76	73	54775198;54775317;54783715	4	54775343;54775370;54775401;54783763	0.960526
HG00733	2	chr19	KIR2DL1.00601	KIR2DL1.026	NA	NA	76	73	54775317;54783019;54783007	4	54775343;54775370;54775401;54783763	0.960526
HG00733	2	chr19	KIR2DL1.00601	KIR2DL1.035	NA	NA	76	73	54775343;54783002;54783019	4	54775343;54775370;54775401;54783763	0.960526
HG00733	2	chr19	KIR2DL1.00602	KIR2DL1.010	NA	NA	76	73	54773406;54778656;54783019	4	54775343;54775370;54775401;54783763	0.960526
HG00733	2	chr19	KIR2DL1.00602	KIR2DL1.01201	NA	NA	76	73	54773406;54775317;54783019	4	54775343;54775370;54775401;54783763	0.960526
HG00733	2	chr19	KIR2DL1.00602	KIR2DL1.019	NA	NA	76	73	54773406;54775317;54782945	4	54775343;54775370;54775401;54783763	0.960526
HG00733	2	chr19	KIR2DL1.00602	KIR2DL1.035	NA	NA	76	73	54773406;54783002;54783019	4	54775343;54775370;54775401;54783763	0.960526
HG00733	2	chr19	KIR2DL1.010	KIR2DL1.01202	NA	NA	76	73	54775198;54778656;54783002	4	54775343;54775370;54775401;54783763	0.960526
HG00733	2	chr19	KIR2DL1.010	KIR2DL1.016	NA	NA	76	73	54778656;54783002;54783715	4	54775343;54775370;54775401;54783763	0.960526
HG00733	2	chr19	KIR2DL1.01201	KIR2DL1.01202	NA	NA	76	73	54775198;54775317;54783002	4	54775343;54775370;54775401;54783763	0.960526
HG00733	2	chr19	KIR2DL1.01201	KIR2DL1.016	NA	NA	76	73	54775317;54783002;54783715	4	54775343;54775370;54775401;54783763	0.960526
HG00733	2	chr19	KIR2DL1.01201	KIR2DL1.0510101	NA	NA	76	73	54775198;54778656;54783019	4	54775343;54775370;54775401;54783763	0.960526
HG00733	2	chr19	KIR2DL1.01201	KIR2DL1.056	NA	NA	76	73	54775198;54778656;54783019	4	54775343;54775370;54775401;54783763	0.960526
HG00733	2	chr19	KIR2DL1.01202	KIR2DL1.0470101	NA	NA	76	73	54773406;54775317;54783002	4	54775343;54775370;54775401;54783763	0.960526
HG00733	2	chr19	KIR2DL1.019	KIR2DL1.0510101	NA	NA	76	73	54775198;54778656;54782945	4	54775343;54775370;54775401;54783763	0.960526
HG00733	2	chr19	KIR2DL1.019	KIR2DL1.056	NA	NA	76	73	54775198;54778656;54782945	4	54775343;54775370;54775401;54783763	0.960526
HG00733	2	chr19	KIR2DL1.026	KIR2DL1.035	NA	NA	76	73	54775198;54783019;54783007	4	54775343;54775370;54775401;54783763	0.960526
HG00733	2	chr19	KIR2DL1.035	KIR2DL1.0470101	NA	NA	76	73	54773406;54775401;54783019	4	54775343;54775370;54775401;54783763	0.960526
HG00733	2	chr19	KIR2DL1.0010101	KIR2DL1.00306	NA	NA	76	72	54773369;54775317;54783002;54783019	4	54775343;54775370;54775401;54783763	0.947368
HG00733	2	chr19	KIR2DL1.0010101	KIR2DL1.0040101	NA	NA	76	72	54773369;54775198;54778656;54783019	4	54775343;54775370;54775401;54783763	0.947368
HG00733	2	chr19	KIR2DL1.0010101	KIR2DL1.0040102	NA	NA	76	72	54773369;54775198;54778656;54783019	4	54775343;54775370;54775401;54783763	0.947368
HG00733	2	chr19	KIR2DL1.0010101	KIR2DL1.0040112	NA	NA	76	72	54773369;54775198;54778656;54783019	4	54775343;54775370;54775401;54783763	0.947368
HG00733	2	chr19	KIR2DL1.0010101	KIR2DL1.00602	NA	NA	76	72	54773369;54773406;54775317;54783019	4	54775343;54775370;54775401;54783763	0.947368
HG00733	2	chr19	KIR2DL1.0010101	KIR2DL1.01202	NA	NA	76	72	54773369;54775198;54775317;54783002	4	54775343;54775370;54775401;54783763	0.947368
HG00733	2	chr19	KIR2DL1.0010101	KIR2DL1.016	NA	NA	76	72	54773369;54775317;54783002;54783715	4	54775343;54775370;54775401;54783763	0.947368
HG00733	2	chr19	KIR2DL1.0010101	KIR2DL1.0510101	NA	NA	76	72	54773369;54775198;54778656;54783019	4	54775343;54775370;54775401;54783763	0.947368
HG00733	2	chr19	KIR2DL1.0010101	KIR2DL1.056	NA	NA	76	72	54773369;54775198;54778656;54783019	4	54775343;54775370;54775401;54783763	0.947368
HG00733	2	chr19	KIR2DL1.0030201	KIR2DL1.00303	NA	NA	76	72	54773406;54775198;54775317;54783002	4	54775343;54775370;54775401;54783763	0.947368
HG00733	2	chr19	KIR2DL1.0030201	KIR2DL1.00601	NA	NA	76	72	54773406;54775198;54775317;54783019	4	54775343;54775370;54775401;54783763	0.947368
HG00733	2	chr19	KIR2DL1.0030201	KIR2DL1.00602	NA	NA	76	72	54773406;54775198;54775317;54783019	4	54775343;54775370;54775401;54783763	0.947368
HG00733	2	chr19	KIR2DL1.0030201	KIR2DL1.010	NA	NA	76	72	54773406;54778656;54783002;54783019	4	54775343;54775370;54775401;54783763	0.947368
HG00733	2	chr19	KIR2DL1.0030201	KIR2DL1.01201	NA	NA	76	72	54773406;54775317;54783002;54783019	4	54775343;54775370;54775401;54783763	0.947368
HG00733	2	chr19	KIR2DL1.0030201	KIR2DL1.019	NA	NA	76	72	54773406;54775317;54782945;54783002	4	54775343;54775370;54775401;54783763	0.947368
HG00733	2	chr19	KIR2DL1.0030202	KIR2DL1.00303	NA	NA	76	72	54773406;54775198;54775317;54783002	4	54775343;54775370;54775401;54783763	0.947368
HG00733	2	chr19	KIR2DL1.0030202	KIR2DL1.00601	NA	NA	76	72	54773406;54775198;54775317;54783019	4	54775343;54775370;54775401;54783763	0.947368
HG00733	2	chr19	KIR2DL1.0030202	KIR2DL1.00602	NA	NA	76	72	54773406;54775198;54775317;54783019	4	54775343;54775370;54775401;54783763	0.947368
HG00733	2	chr19	KIR2DL1.0030202	KIR2DL1.010	NA	NA	76	72	54773406;54778656;54783002;54783019	4	54775343;54775370;54775401;54783763	0.947368
HG00733	2	chr19	KIR2DL1.0030202	KIR2DL1.01201	NA	NA	76	72	54773406;54775317;54783002;54783019	4	54775343;54775370;54775401;54783763	0.947368
HG00733	2	chr19	KIR2DL1.0030202	KIR2DL1.019	NA	NA	76	72	54773406;54775317;54782945;54783002	4	54775343;54775370;54775401;54783763	0.947368
HG00733	2	chr19	KIR2DL1.0030204	KIR2DL1.00303	NA	NA	76	72	54773406;54775198;54775317;54783002	4	54775343;54775370;54775401;54783763	0.947368
HG00733	2	chr19	KIR2DL1.0030204	KIR2DL1.00601	NA	NA	76	72	54773406;54775198;54775317;54783019	4	54775343;54775370;54775401;54783763	0.947368
HG00733	2	chr19	KIR2DL1.0030204	KIR2DL1.00602	NA	NA	76	72	54773406;54775198;54775317;54783019	4	54775343;54775370;54775401;54783763	0.947368
HG00733	2	chr19	KIR2DL1.0030204	KIR2DL1.010	NA	NA	76	72	54773406;54778656;54783002;54783019	4	54775343;54775370;54775401;54783763	0.947368
HG00733	2	chr19	KIR2DL1.0030204	KIR2DL1.01201	NA	NA	76	72	54773406;54775317;54783002;54783019	4	54775343;54775370;54775401;54783763	0.947368
HG00733	2	chr19	KIR2DL1.0030204	KIR2DL1.019	NA	NA	76	72	54773406;54775317;54782945;54783002	4	54775343;54775370;54775401;54783763	0.947368
HG00733	2	chr19	KIR2DL1.0030205	KIR2DL1.00303	NA	NA	76	72	54773406;54775198;54775317;54783002	4	54775343;54775370;54775401;54783763	0.947368
HG00733	2	chr19	KIR2DL1.0030205	KIR2DL1.00601	NA	NA	76	72	54773406;54775198;54775317;54783019	4	54775343;54775370;54775401;54783763	0.947368
HG00733	2	chr19	KIR2DL1.0030205	KIR2DL1.00602	NA	NA	76	72	54773406;54775198;54775317;54783019	4	54775343;54775370;54775401;54783763	0.947368
HG00733	2	chr19	KIR2DL1.0030205	KIR2DL1.010	NA	NA	76	72	54773406;54778656;54783002;54783019	4	54775343;54775370;54775401;54783763	0.947368
HG00733	2	chr19	KIR2DL1.0030205	KIR2DL1.01201	NA	NA	76	72	54773406;54775317;54783002;54783019	4	54775343;54775370;54775401;54783763	0.947368
HG00733	2	chr19	KIR2DL1.0030205	KIR2DL1.019	NA	NA	76	72	54773406;54775317;54782945;54783002	4	54775343;54775370;54775401;54783763	0.947368
HG00733	2	chr19	KIR2DL1.0030222	KIR2DL1.00303	NA	NA	76	72	54773406;54775198;54775317;54783002	4	54775343;54775370;54775401;54783763	0.947368
HG00733	2	chr19	KIR2DL1.0030222	KIR2DL1.00601	NA	NA	76	72	54773406;54775198;54775317;54783019	4	54775343;54775370;54775401;54783763	0.947368
HG00733	2	chr19	KIR2DL1.0030222	KIR2DL1.00602	NA	NA	76	72	54773406;54775198;54775317;54783019	4	54775343;54775370;54775401;54783763	0.947368
HG00733	2	chr19	KIR2DL1.0030222	KIR2DL1.010	NA	NA	76	72	54773406;54778656;54783002;54783019	4	54775343;54775370;54775401;54783763	0.947368
HG00733	2	chr19	KIR2DL1.0030222	KIR2DL1.01201	NA	NA	76	72	54773406;54775317;54783002;54783019	4	54775343;54775370;54775401;54783763	0.947368
HG00733	2	chr19	KIR2DL1.0030222	KIR2DL1.019	NA	NA	76	72	54773406;54775317;54782945;54783002	4	54775343;54775370;54775401;54783763	0.947368
HG00733	2	chr19	KIR2DL1.0030230	KIR2DL1.00303	NA	NA	76	72	54773406;54775198;54775317;54783002	4	54775343;54775370;54775401;54783763	0.947368
HG00733	2	chr19	KIR2DL1.0030230	KIR2DL1.00601	NA	NA	76	72	54773406;54775198;54775317;54783019	4	54775343;54775370;54775401;54783763	0.947368
HG00733	2	chr19	KIR2DL1.0030230	KIR2DL1.00602	NA	NA	76	72	54773406;54775198;54775317;54783019	4	54775343;54775370;54775401;54783763	0.947368
HG00733	2	chr19	KIR2DL1.0030230	KIR2DL1.010	NA	NA	76	72	54773406;54778656;54783002;54783019	4	54775343;54775370;54775401;54783763	0.947368
HG00733	2	chr19	KIR2DL1.0030230	KIR2DL1.01201	NA	NA	76	72	54773406;54775317;54783002;54783019	4	54775343;54775370;54775401;54783763	0.947368
HG00733	2	chr19	KIR2DL1.0030230	KIR2DL1.019	NA	NA	76	72	54773406;54775317;54782945;54783002	4	54775343;54775370;54775401;54783763	0.947368
HG00733	2	chr19	KIR2DL1.0030232	KIR2DL1.00303	NA	NA	76	72	54773406;54775198;54775317;54783002	4	54775343;54775370;54775401;54783763	0.947368
HG00733	2	chr19	KIR2DL1.0030232	KIR2DL1.00601	NA	NA	76	72	54773406;54775198;54775317;54783019	4	54775343;54775370;54775401;54783763	0.947368
HG00733	2	chr19	KIR2DL1.0030232	KIR2DL1.00602	NA	NA	76	72	54773406;54775198;54775317;54783019	4	54775343;54775370;54775401;54783763	0.947368
HG00733	2	chr19	KIR2DL1.0030232	KIR2DL1.010	NA	NA	76	72	54773406;54778656;54783002;54783019	4	54775343;54775370;54775401;54783763	0.947368
HG00733	2	chr19	KIR2DL1.0030232	KIR2DL1.01201	NA	NA	76	72	54773406;54775317;54783002;54783019	4	54775343;54775370;54775401;54783763	0.947368
HG00733	2	chr19	KIR2DL1.0030232	KIR2DL1.019	NA	NA	76	72	54773406;54775317;54782945;54783002	4	54775343;54775370;54775401;54783763	0.947368
HG00733	2	chr19	KIR2DL1.0030241	KIR2DL1.00303	NA	NA	76	72	54773406;54775198;54775317;54783002	4	54775343;54775370;54775401;54783763	0.947368
HG00733	2	chr19	KIR2DL1.0030241	KIR2DL1.00601	NA	NA	76	72	54773406;54775198;54775317;54783019	4	54775343;54775370;54775401;54783763	0.947368
HG00733	2	chr19	KIR2DL1.0030241	KIR2DL1.00602	NA	NA	76	72	54773406;54775198;54775317;54783019	4	54775343;54775370;54775401;54783763	0.947368
HG00733	2	chr19	KIR2DL1.0030241	KIR2DL1.010	NA	NA	76	72	54773406;54778656;54783002;54783019	4	54775343;54775370;54775401;54783763	0.947368
HG00733	2	chr19	KIR2DL1.0030241	KIR2DL1.01201	NA	NA	76	72	54773406;54775317;54783002;54783019	4	54775343;54775370;54775401;54783763	0.947368
HG00733	2	chr19	KIR2DL1.0030241	KIR2DL1.019	NA	NA	76	72	54773406;54775317;54782945;54783002	4	54775343;54775370;54775401;54783763	0.947368
HG00733	2	chr19	KIR2DL1.00303	KIR2DL1.00303	NA	NA	76	72	54775198;54775317;54783002;54783019	4	54775343;54775370;54775401;54783763	0.947368
HG00733	2	chr19	KIR2DL1.00303	KIR2DL1.005	NA	NA	76	72	54775198;54775317;54783002;54783517	4	54775343;54775370;54775401;54783763	0.947368
HG00733	2	chr19	KIR2DL1.00303	KIR2DL1.019	NA	NA	76	72	54775317;54782945;54783002;54783019	4	54775343;54775370;54775401;54783763	0.947368
HG00733	2	chr19	KIR2DL1.00303	KIR2DL1.0470101	NA	NA	76	72	54773406;54775198;54775317;54783002	4	54775343;54775370;54775401;54783763	0.947368
HG00733	2	chr19	KIR2DL1.00306	KIR2DL1.00306	NA	NA	76	72	54775198;54775317;54783002;54783019	4	54775343;54775370;54775401;54783763	0.947368
HG00733	2	chr19	KIR2DL1.00306	KIR2DL1.00602	NA	NA	76	72	54773406;54775198;54775317;54783019	4	54775343;54775370;54775401;54783763	0.947368
HG00733	2	chr19	KIR2DL1.00306	KIR2DL1.016	NA	NA	76	72	54775198;54775317;54783002;54783715	4	54775343;54775370;54775401;54783763	0.947368
HG00733	2	chr19	KIR2DL1.00306	KIR2DL1.026	NA	NA	76	72	54775317;54783002;54783019;54783007	4	54775343;54775370;54775401;54783763	0.947368
HG00733	2	chr19	KIR2DL1.0040101	KIR2DL1.00601	NA	NA	76	72	54775343;54778656;54783002;54783019	4	54775343;54775370;54775401;54783763	0.947368
HG00733	2	chr19	KIR2DL1.0040101	KIR2DL1.00602	NA	NA	76	72	54773406;54778656;54783002;54783019	4	54775343;54775370;54775401;54783763	0.947368
HG00733	2	chr19	KIR2DL1.0040101	KIR2DL1.026	NA	NA	76	72	54775198;54778656;54783019;54783007	4	54775343;54775370;54775401;54783763	0.947368
HG00733	2	chr19	KIR2DL1.0040101	KIR2DL1.0470101	NA	NA	76	72	54773406;54775401;54778656;54783019	4	54775343;54775370;54775401;54783763	0.947368
HG00733	2	chr19	KIR2DL1.0040102	KIR2DL1.00601	NA	NA	76	72	54775343;54778656;54783002;54783019	4	54775343;54775370;54775401;54783763	0.947368
HG00733	2	chr19	KIR2DL1.0040102	KIR2DL1.00602	NA	NA	76	72	54773406;54778656;54783002;54783019	4	54775343;54775370;54775401;54783763	0.947368
HG00733	2	chr19	KIR2DL1.0040102	KIR2DL1.026	NA	NA	76	72	54775198;54778656;54783019;54783007	4	54775343;54775370;54775401;54783763	0.947368
HG00733	2	chr19	KIR2DL1.0040102	KIR2DL1.0470101	NA	NA	76	72	54773406;54775401;54778656;54783019	4	54775343;54775370;54775401;54783763	0.947368
HG00733	2	chr19	KIR2DL1.0040112	KIR2DL1.00601	NA	NA	76	72	54775343;54778656;54783002;54783019	4	54775343;54775370;54775401;54783763	0.947368
HG00733	2	chr19	KIR2DL1.0040112	KIR2DL1.00602	NA	NA	76	72	54773406;54778656;54783002;54783019	4	54775343;54775370;54775401;54783763	0.947368
HG00733	2	chr19	KIR2DL1.0040112	KIR2DL1.026	NA	NA	76	72	54775198;54778656;54783019;54783007	4	54775343;54775370;54775401;54783763	0.947368
HG00733	2	chr19	KIR2DL1.0040112	KIR2DL1.0470101	NA	NA	76	72	54773406;54775401;54778656;54783019	4	54775343;54775370;54775401;54783763	0.947368
HG00733	2	chr19	KIR2DL1.005	KIR2DL1.00601	NA	NA	76	72	54775198;54775317;54783019;54783517	4	54775343;54775370;54775401;54783763	0.947368
HG00733	2	chr19	KIR2DL1.005	KIR2DL1.010	NA	NA	76	72	54778656;54783002;54783019;54783517	4	54775343;54775370;54775401;54783763	0.947368
HG00733	2	chr19	KIR2DL1.005	KIR2DL1.01201	NA	NA	76	72	54775317;54783002;54783019;54783517	4	54775343;54775370;54775401;54783763	0.947368
HG00733	2	chr19	KIR2DL1.005	KIR2DL1.019	NA	NA	75	71	54775317;54782945;54783002;54783517	4	54775343;54775370;54775401;54783763	0.946667
HG00733	2	chr19	KIR2DL1.005	KIR2DL1.0510101	NA	NA	76	72	54778656;54783019;54783517;54783763	4	54775343;54775370;54775401;54783763	0.947368
HG00733	2	chr19	KIR2DL1.00601	KIR2DL1.0470101	NA	NA	76	72	54773406;54775198;54775317;54783019	4	54775343;54775370;54775401;54783763	0.947368
HG00733	2	chr19	KIR2DL1.00601	KIR2DL1.0510101	NA	NA	76	72	54775343;54778656;54783002;54783019	4	54775343;54775370;54775401;54783763	0.947368
HG00733	2	chr19	KIR2DL1.00601	KIR2DL1.056	NA	NA	76	72	54775343;54778656;54783002;54783019	4	54775343;54775370;54775401;54783763	0.947368
HG00733	2	chr19	KIR2DL1.00602	KIR2DL1.016	NA	NA	76	72	54773406;54775198;54775317;54783715	4	54775343;54775370;54775401;54783763	0.947368
HG00733	2	chr19	KIR2DL1.00602	KIR2DL1.026	NA	NA	76	72	54773406;54775317;54783019;54783007	4	54775343;54775370;54775401;54783763	0.947368
HG00733	2	chr19	KIR2DL1.00602	KIR2DL1.0470101	NA	NA	76	72	54773406;54775198;54775317;54783019	4	54775343;54775370;54775401;54783763	0.947368
HG00733	2	chr19	KIR2DL1.00602	KIR2DL1.0510101	NA	NA	76	72	54773406;54778656;54783002;54783019	4	54775343;54775370;54775401;54783763	0.947368
HG00733	2	chr19	KIR2DL1.00602	KIR2DL1.056	NA	NA	76	72	54773406;54778656;54783002;54783019	4	54775343;54775370;54775401;54783763	0.947368
HG00733	2	chr19	KIR2DL1.010	KIR2DL1.01201	NA	NA	76	72	54775198;54778656;54783002;54783019	4	54775343;54775370;54775401;54783763	0.947368
HG00733	2	chr19	KIR2DL1.010	KIR2DL1.019	NA	NA	76	72	54775198;54778656;54782945;54783002	4	54775343;54775370;54775401;54783763	0.947368
HG00733	2	chr19	KIR2DL1.01201	KIR2DL1.01201	NA	NA	76	72	54775198;54775317;54783002;54783019	4	54775343;54775370;54775401;54783763	0.947368
HG00733	2	chr19	KIR2DL1.01201	KIR2DL1.019	NA	NA	76	72	54775198;54775317;54782945;54783002	4	54775343;54775370;54775401;54783763	0.947368
HG00733	2	chr19	KIR2DL1.01201	KIR2DL1.0470101	NA	NA	76	72	54773406;54775317;54783002;54783019	4	54775343;54775370;54775401;54783763	0.947368
HG00733	2	chr19	KIR2DL1.01202	KIR2DL1.01202	NA	NA	76	72	54775198;54775317;54783002;54783019	4	54775343;54775370;54775401;54783763	0.947368
HG00733	2	chr19	KIR2DL1.01202	KIR2DL1.016	NA	NA	76	72	54775317;54783002;54783019;54783715	4	54775343;54775370;54775401;54783763	0.947368
HG00733	2	chr19	KIR2DL1.01202	KIR2DL1.026	NA	NA	76	72	54775198;54775317;54783002;54783007	4	54775343;54775370;54775401;54783763	0.947368
HG00733	2	chr19	KIR2DL1.016	KIR2DL1.026	NA	NA	76	72	54775317;54783002;54783007;54783715	4	54775343;54775370;54775401;54783763	0.947368
HG00733	2	chr19	KIR2DL1.019	KIR2DL1.0470101	NA	NA	76	72	54773406;54775317;54782945;54783002	4	54775343;54775370;54775401;54783763	0.947368
HG00733	2	chr19	KIR2DL1.026	KIR2DL1.0510101	NA	NA	76	72	54775198;54778656;54783019;54783007	4	54775343;54775370;54775401;54783763	0.947368
HG00733	2	chr19	KIR2DL1.026	KIR2DL1.056	NA	NA	76	72	54775198;54778656;54783019;54783007	4	54775343;54775370;54775401;54783763	0.947368
HG00733	2	chr19	KIR2DL1.0470101	KIR2DL1.0510101	NA	NA	76	72	54773406;54775401;54778656;54783019	4	54775343;54775370;54775401;54783763	0.947368
HG00733	2	chr19	KIR2DL1.0470101	KIR2DL1.056	NA	NA	76	72	54773406;54775401;54778656;54783019	4	54775343;54775370;54775401;54783763	0.947368
HG00733	2	chr19	KIR2DL1.0010101	KIR2DL1.0010101	NA	NA	76	71	54773369;54775198;54775317;54783002;54783019	4	54775343;54775370;54775401;54783763	0.934211
HG00733	2	chr19	KIR2DL1.0010101	KIR2DL1.0030201	NA	NA	76	71	54773369;54773406;54775317;54783002;54783019	4	54775343;54775370;54775401;54783763	0.934211
HG00733	2	chr19	KIR2DL1.0010101	KIR2DL1.0030202	NA	NA	76	71	54773369;54773406;54775317;54783002;54783019	4	54775343;54775370;54775401;54783763	0.934211
HG00733	2	chr19	KIR2DL1.0010101	KIR2DL1.0030204	NA	NA	76	71	54773369;54773406;54775317;54783002;54783019	4	54775343;54775370;54775401;54783763	0.934211
HG00733	2	chr19	KIR2DL1.0010101	KIR2DL1.0030205	NA	NA	76	71	54773369;54773406;54775317;54783002;54783019	4	54775343;54775370;54775401;54783763	0.934211
HG00733	2	chr19	KIR2DL1.0010101	KIR2DL1.0030222	NA	NA	76	71	54773369;54773406;54775317;54783002;54783019	4	54775343;54775370;54775401;54783763	0.934211
HG00733	2	chr19	KIR2DL1.0010101	KIR2DL1.0030230	NA	NA	76	71	54773369;54773406;54775317;54783002;54783019	4	54775343;54775370;54775401;54783763	0.934211
HG00733	2	chr19	KIR2DL1.0010101	KIR2DL1.0030232	NA	NA	76	71	54773369;54773406;54775317;54783002;54783019	4	54775343;54775370;54775401;54783763	0.934211
HG00733	2	chr19	KIR2DL1.0010101	KIR2DL1.0030241	NA	NA	76	71	54773369;54773406;54775317;54783002;54783019	4	54775343;54775370;54775401;54783763	0.934211
HG00733	2	chr19	KIR2DL1.0010101	KIR2DL1.005	NA	NA	76	71	54773369;54775317;54783002;54783019;54783517	4	54775343;54775370;54775401;54783763	0.934211
HG00733	2	chr19	KIR2DL1.0010101	KIR2DL1.010	NA	NA	76	71	54773369;54775198;54778656;54783002;54783019	4	54775343;54775370;54775401;54783763	0.934211
HG00733	2	chr19	KIR2DL1.0010101	KIR2DL1.01201	NA	NA	76	71	54773369;54775198;54775317;54783002;54783019	4	54775343;54775370;54775401;54783763	0.934211
HG00733	2	chr19	KIR2DL1.0010101	KIR2DL1.019	NA	NA	76	71	54773369;54775198;54775317;54782945;54783002	4	54775343;54775370;54775401;54783763	0.934211
HG00733	2	chr19	KIR2DL1.0010101	KIR2DL1.0470101	NA	NA	76	71	54773369;54773406;54775317;54783002;54783019	4	54775343;54775370;54775401;54783763	0.934211
HG00733	2	chr19	KIR2DL1.0030201	KIR2DL1.0030201	NA	NA	76	71	54773406;54775198;54775317;54783002;54783019	4	54775343;54775370;54775401;54783763	0.934211
HG00733	2	chr19	KIR2DL1.0030201	KIR2DL1.0030202	NA	NA	76	71	54773406;54775198;54775317;54783002;54783019	4	54775343;54775370;54775401;54783763	0.934211
HG00733	2	chr19	KIR2DL1.0030201	KIR2DL1.0030204	NA	NA	76	71	54773406;54775198;54775317;54783002;54783019	4	54775343;54775370;54775401;54783763	0.934211
HG00733	2	chr19	KIR2DL1.0030201	KIR2DL1.0030205	NA	NA	76	71	54773406;54775198;54775317;54783002;54783019	4	54775343;54775370;54775401;54783763	0.934211
HG00733	2	chr19	KIR2DL1.0030201	KIR2DL1.0030222	NA	NA	76	71	54773406;54775198;54775317;54783002;54783019	4	54775343;54775370;54775401;54783763	0.934211
HG00733	2	chr19	KIR2DL1.0030201	KIR2DL1.0030230	NA	NA	76	71	54773406;54775198;54775317;54783002;54783019	4	54775343;54775370;54775401;54783763	0.934211
HG00733	2	chr19	KIR2DL1.0030201	KIR2DL1.0030232	NA	NA	76	71	54773406;54775198;54775317;54783002;54783019	4	54775343;54775370;54775401;54783763	0.934211
HG00733	2	chr19	KIR2DL1.0030201	KIR2DL1.0030241	NA	NA	76	71	54773406;54775198;54775317;54783002;54783019	4	54775343;54775370;54775401;54783763	0.934211
HG00733	2	chr19	KIR2DL1.0030201	KIR2DL1.00306	NA	NA	76	71	54773406;54775198;54775317;54783002;54783019	4	54775343;54775370;54775401;54783763	0.934211
HG00733	2	chr19	KIR2DL1.0030201	KIR2DL1.016	NA	NA	76	71	54773406;54775198;54775317;54783002;54783715	4	54775343;54775370;54775401;54783763	0.934211
HG00733	2	chr19	KIR2DL1.0030201	KIR2DL1.026	NA	NA	76	71	54773406;54775317;54783002;54783019;54783007	4	54775343;54775370;54775401;54783763	0.934211
HG00733	2	chr19	KIR2DL1.0030201	KIR2DL1.0470101	NA	NA	76	71	54773406;54775198;54775317;54783002;54783019	4	54775343;54775370;54775401;54783763	0.934211
HG00733	2	chr19	KIR2DL1.0030202	KIR2DL1.0030202	NA	NA	76	71	54773406;54775198;54775317;54783002;54783019	4	54775343;54775370;54775401;54783763	0.934211
HG00733	2	chr19	KIR2DL1.0030202	KIR2DL1.0030204	NA	NA	76	71	54773406;54775198;54775317;54783002;54783019	4	54775343;54775370;54775401;54783763	0.934211
HG00733	2	chr19	KIR2DL1.0030202	KIR2DL1.0030205	NA	NA	76	71	54773406;54775198;54775317;54783002;54783019	4	54775343;54775370;54775401;54783763	0.934211
HG00733	2	chr19	KIR2DL1.0030202	KIR2DL1.0030222	NA	NA	76	71	54773406;54775198;54775317;54783002;54783019	4	54775343;54775370;54775401;54783763	0.934211
HG00733	2	chr19	KIR2DL1.0030202	KIR2DL1.0030230	NA	NA	76	71	54773406;54775198;54775317;54783002;54783019	4	54775343;54775370;54775401;54783763	0.934211
HG00733	2	chr19	KIR2DL1.0030202	KIR2DL1.0030232	NA	NA	76	71	54773406;54775198;54775317;54783002;54783019	4	54775343;54775370;54775401;54783763	0.934211
HG00733	2	chr19	KIR2DL1.0030202	KIR2DL1.0030241	NA	NA	76	71	54773406;54775198;54775317;54783002;54783019	4	54775343;54775370;54775401;54783763	0.934211
HG00733	2	chr19	KIR2DL1.0030202	KIR2DL1.00306	NA	NA	76	71	54773406;54775198;54775317;54783002;54783019	4	54775343;54775370;54775401;54783763	0.934211
HG00733	2	chr19	KIR2DL1.0030202	KIR2DL1.016	NA	NA	76	71	54773406;54775198;54775317;54783002;54783715	4	54775343;54775370;54775401;54783763	0.934211
HG00733	2	chr19	KIR2DL1.0030202	KIR2DL1.026	NA	NA	76	71	54773406;54775317;54783002;54783019;54783007	4	54775343;54775370;54775401;54783763	0.934211
HG00733	2	chr19	KIR2DL1.0030202	KIR2DL1.0470101	NA	NA	76	71	54773406;54775198;54775317;54783002;54783019	4	54775343;54775370;54775401;54783763	0.934211
HG00733	2	chr19	KIR2DL1.0030204	KIR2DL1.0030204	NA	NA	76	71	54773406;54775198;54775317;54783002;54783019	4	54775343;54775370;54775401;54783763	0.934211
HG00733	2	chr19	KIR2DL1.0030204	KIR2DL1.0030205	NA	NA	76	71	54773406;54775198;54775317;54783002;54783019	4	54775343;54775370;54775401;54783763	0.934211
HG00733	2	chr19	KIR2DL1.0030204	KIR2DL1.0030222	NA	NA	76	71	54773406;54775198;54775317;54783002;54783019	4	54775343;54775370;54775401;54783763	0.934211
HG00733	2	chr19	KIR2DL1.0030204	KIR2DL1.0030230	NA	NA	76	71	54773406;54775198;54775317;54783002;54783019	4	54775343;54775370;54775401;54783763	0.934211
HG00733	2	chr19	KIR2DL1.0030204	KIR2DL1.0030232	NA	NA	76	71	54773406;54775198;54775317;54783002;54783019	4	54775343;54775370;54775401;54783763	0.934211
HG00733	2	chr19	KIR2DL1.0030204	KIR2DL1.0030241	NA	NA	76	71	54773406;54775198;54775317;54783002;54783019	4	54775343;54775370;54775401;54783763	0.934211
HG00733	2	chr19	KIR2DL1.0030204	KIR2DL1.00306	NA	NA	76	71	54773406;54775198;54775317;54783002;54783019	4	54775343;54775370;54775401;54783763	0.934211
HG00733	2	chr19	KIR2DL1.0030204	KIR2DL1.016	NA	NA	76	71	54773406;54775198;54775317;54783002;54783715	4	54775343;54775370;54775401;54783763	0.934211
HG00733	2	chr19	KIR2DL1.0030204	KIR2DL1.026	NA	NA	76	71	54773406;54775317;54783002;54783019;54783007	4	54775343;54775370;54775401;54783763	0.934211
HG00733	2	chr19	KIR2DL1.0030204	KIR2DL1.0470101	NA	NA	76	71	54773406;54775198;54775317;54783002;54783019	4	54775343;54775370;54775401;54783763	0.934211
HG00733	2	chr19	KIR2DL1.0030205	KIR2DL1.0030205	NA	NA	76	71	54773406;54775198;54775317;54783002;54783019	4	54775343;54775370;54775401;54783763	0.934211
HG00733	2	chr19	KIR2DL1.0030205	KIR2DL1.0030222	NA	NA	76	71	54773406;54775198;54775317;54783002;54783019	4	54775343;54775370;54775401;54783763	0.934211
HG00733	2	chr19	KIR2DL1.0030205	KIR2DL1.0030230	NA	NA	76	71	54773406;54775198;54775317;54783002;54783019	4	54775343;54775370;54775401;54783763	0.934211
HG00733	2	chr19	KIR2DL1.0030205	KIR2DL1.0030232	NA	NA	76	71	54773406;54775198;54775317;54783002;54783019	4	54775343;54775370;54775401;54783763	0.934211
HG00733	2	chr19	KIR2DL1.0030205	KIR2DL1.0030241	NA	NA	76	71	54773406;54775198;54775317;54783002;54783019	4	54775343;54775370;54775401;54783763	0.934211
HG00733	2	chr19	KIR2DL1.0030205	KIR2DL1.00306	NA	NA	76	71	54773406;54775198;54775317;54783002;54783019	4	54775343;54775370;54775401;54783763	0.934211
HG00733	2	chr19	KIR2DL1.0030205	KIR2DL1.016	NA	NA	76	71	54773406;54775198;54775317;54783002;54783715	4	54775343;54775370;54775401;54783763	0.934211
HG00733	2	chr19	KIR2DL1.0030205	KIR2DL1.026	NA	NA	76	71	54773406;54775317;54783002;54783019;54783007	4	54775343;54775370;54775401;54783763	0.934211
HG00733	2	chr19	KIR2DL1.0030205	KIR2DL1.0470101	NA	NA	76	71	54773406;54775198;54775317;54783002;54783019	4	54775343;54775370;54775401;54783763	0.934211
HG00733	2	chr19	KIR2DL1.0030222	KIR2DL1.0030222	NA	NA	76	71	54773406;54775198;54775317;54783002;54783019	4	54775343;54775370;54775401;54783763	0.934211
HG00733	2	chr19	KIR2DL1.0030222	KIR2DL1.0030230	NA	NA	76	71	54773406;54775198;54775317;54783002;54783019	4	54775343;54775370;54775401;54783763	0.934211
HG00733	2	chr19	KIR2DL1.0030222	KIR2DL1.0030232	NA	NA	76	71	54773406;54775198;54775317;54783002;54783019	4	54775343;54775370;54775401;54783763	0.934211
HG00733	2	chr19	KIR2DL1.0030222	KIR2DL1.0030241	NA	NA	76	71	54773406;54775198;54775317;54783002;54783019	4	54775343;54775370;54775401;54783763	0.934211
HG00733	2	chr19	KIR2DL1.0030222	KIR2DL1.00306	NA	NA	76	71	54773406;54775198;54775317;54783002;54783019	4	54775343;54775370;54775401;54783763	0.934211
HG00733	2	chr19	KIR2DL1.0030222	KIR2DL1.016	NA	NA	76	71	54773406;54775198;54775317;54783002;54783715	4	54775343;54775370;54775401;54783763	0.934211
HG00733	2	chr19	KIR2DL1.0030222	KIR2DL1.026	NA	NA	76	71	54773406;54775317;54783002;54783019;54783007	4	54775343;54775370;54775401;54783763	0.934211
HG00733	2	chr19	KIR2DL1.0030222	KIR2DL1.0470101	NA	NA	76	71	54773406;54775198;54775317;54783002;54783019	4	54775343;54775370;54775401;54783763	0.934211
HG00733	2	chr19	KIR2DL1.0030230	KIR2DL1.0030230	NA	NA	76	71	54773406;54775198;54775317;54783002;54783019	4	54775343;54775370;54775401;54783763	0.934211
HG00733	2	chr19	KIR2DL1.0030230	KIR2DL1.0030232	NA	NA	76	71	54773406;54775198;54775317;54783002;54783019	4	54775343;54775370;54775401;54783763	0.934211
HG00733	2	chr19	KIR2DL1.0030230	KIR2DL1.0030241	NA	NA	76	71	54773406;54775198;54775317;54783002;54783019	4	54775343;54775370;54775401;54783763	0.934211
HG00733	2	chr19	KIR2DL1.0030230	KIR2DL1.00306	NA	NA	76	71	54773406;54775198;54775317;54783002;54783019	4	54775343;54775370;54775401;54783763	0.934211
HG00733	2	chr19	KIR2DL1.0030230	KIR2DL1.016	NA	NA	76	71	54773406;54775198;54775317;54783002;54783715	4	54775343;54775370;54775401;54783763	0.934211
HG00733	2	chr19	KIR2DL1.0030230	KIR2DL1.026	NA	NA	76	71	54773406;54775317;54783002;54783019;54783007	4	54775343;54775370;54775401;54783763	0.934211
HG00733	2	chr19	KIR2DL1.0030230	KIR2DL1.0470101	NA	NA	76	71	54773406;54775198;54775317;54783002;54783019	4	54775343;54775370;54775401;54783763	0.934211
HG00733	2	chr19	KIR2DL1.0030232	KIR2DL1.0030232	NA	NA	76	71	54773406;54775198;54775317;54783002;54783019	4	54775343;54775370;54775401;54783763	0.934211
HG00733	2	chr19	KIR2DL1.0030232	KIR2DL1.0030241	NA	NA	76	71	54773406;54775198;54775317;54783002;54783019	4	54775343;54775370;54775401;54783763	0.934211
HG00733	2	chr19	KIR2DL1.0030232	KIR2DL1.00306	NA	NA	76	71	54773406;54775198;54775317;54783002;54783019	4	54775343;54775370;54775401;54783763	0.934211
HG00733	2	chr19	KIR2DL1.0030232	KIR2DL1.016	NA	NA	76	71	54773406;54775198;54775317;54783002;54783715	4	54775343;54775370;54775401;54783763	0.934211
HG00733	2	chr19	KIR2DL1.0030232	KIR2DL1.026	NA	NA	76	71	54773406;54775317;54783002;54783019;54783007	4	54775343;54775370;54775401;54783763	0.934211
HG00733	2	chr19	KIR2DL1.0030232	KIR2DL1.0470101	NA	NA	76	71	54773406;54775198;54775317;54783002;54783019	4	54775343;54775370;54775401;54783763	0.934211
HG00733	2	chr19	KIR2DL1.0030241	KIR2DL1.0030241	NA	NA	76	71	54773406;54775198;54775317;54783002;54783019	4	54775343;54775370;54775401;54783763	0.934211
HG00733	2	chr19	KIR2DL1.0030241	KIR2DL1.00306	NA	NA	76	71	54773406;54775198;54775317;54783002;54783019	4	54775343;54775370;54775401;54783763	0.934211
HG00733	2	chr19	KIR2DL1.0030241	KIR2DL1.016	NA	NA	76	71	54773406;54775198;54775317;54783002;54783715	4	54775343;54775370;54775401;54783763	0.934211
HG00733	2	chr19	KIR2DL1.0030241	KIR2DL1.026	NA	NA	76	71	54773406;54775317;54783002;54783019;54783007	4	54775343;54775370;54775401;54783763	0.934211
HG00733	2	chr19	KIR2DL1.0030241	KIR2DL1.0470101	NA	NA	76	71	54773406;54775198;54775317;54783002;54783019	4	54775343;54775370;54775401;54783763	0.934211
HG00733	2	chr19	KIR2DL1.00303	KIR2DL1.016	NA	NA	76	71	54775198;54775317;54783002;54783019;54783715	4	54775343;54775370;54775401;54783763	0.934211
HG00733	2	chr19	KIR2DL1.00306	KIR2DL1.005	NA	NA	76	71	54775198;54775317;54783002;54783019;54783517	4	54775343;54775370;54775401;54783763	0.934211
HG00733	2	chr19	KIR2DL1.00306	KIR2DL1.0470101	NA	NA	76	71	54773406;54775198;54775317;54783002;54783019	4	54775343;54775370;54775401;54783763	0.934211
HG00733	2	chr19	KIR2DL1.005	KIR2DL1.00602	NA	NA	76	71	54773406;54775198;54775317;54783019;54783517	4	54775343;54775370;54775401;54783763	0.934211
HG00733	2	chr19	KIR2DL1.005	KIR2DL1.016	NA	NA	75	70	54775198;54775317;54783002;54783517;54783715	4	54775343;54775370;54775401;54783763	0.933333
HG00733	2	chr19	KIR2DL1.005	KIR2DL1.026	NA	NA	76	71	54775317;54783002;54783019;54783007;54783517	4	54775343;54775370;54775401;54783763	0.934211
HG00733	2	chr19	KIR2DL1.00601	KIR2DL1.00601	NA	NA	76	71	54775198;54775317;54775343;54783002;54783019	4	54775343;54775370;54775401;54783763	0.934211
HG00733	2	chr19	KIR2DL1.00601	KIR2DL1.00602	NA	NA	76	71	54773406;54775198;54775317;54783002;54783019	4	54775343;54775370;54775401;54783763	0.934211
HG00733	2	chr19	KIR2DL1.00602	KIR2DL1.00602	NA	NA	76	71	54773406;54775198;54775317;54783002;54783019	4	54775343;54775370;54775401;54783763	0.934211
HG00733	2	chr19	KIR2DL1.010	KIR2DL1.026	NA	NA	76	71	54775198;54778656;54783002;54783019;54783007	4	54775343;54775370;54775401;54783763	0.934211
HG00733	2	chr19	KIR2DL1.010	KIR2DL1.0470101	NA	NA	76	71	54773406;54775401;54778656;54783002;54783019	4	54775343;54775370;54775401;54783763	0.934211
HG00733	2	chr19	KIR2DL1.01201	KIR2DL1.026	NA	NA	76	71	54775198;54775317;54783002;54783019;54783007	4	54775343;54775370;54775401;54783763	0.934211
HG00733	2	chr19	KIR2DL1.01202	KIR2DL1.019	NA	NA	76	71	54775198;54775317;54782945;54783002;54783019	4	54775343;54775370;54775401;54783763	0.934211
HG00733	2	chr19	KIR2DL1.016	KIR2DL1.016	NA	NA	75	70	54775198;54775317;54783002;54783019;54783715	4	54775343;54775370;54775401;54783763	0.933333
HG00733	2	chr19	KIR2DL1.016	KIR2DL1.019	NA	NA	75	70	54775317;54782945;54783002;54783019;54783715	4	54775343;54775370;54775401;54783763	0.933333
HG00733	2	chr19	KIR2DL1.016	KIR2DL1.0470101	NA	NA	76	71	54773406;54775198;54775317;54783002;54783715	4	54775343;54775370;54775401;54783763	0.934211
HG00733	2	chr19	KIR2DL1.019	KIR2DL1.019	NA	NA	75	70	54775198;54775317;54782945;54783002;54783019	4	54775343;54775370;54775401;54783763	0.933333
HG00733	2	chr19	KIR2DL1.019	KIR2DL1.026	NA	NA	76	71	54775198;54775317;54782945;54783002;54783007	4	54775343;54775370;54775401;54783763	0.934211
HG00733	2	chr19	KIR2DL1.026	KIR2DL1.026	NA	NA	76	71	54775198;54775317;54783002;54783019;54783007	4	54775343;54775370;54775401;54783763	0.934211
HG00733	2	chr19	KIR2DL1.026	KIR2DL1.0470101	NA	NA	76	71	54773406;54775317;54783002;54783019;54783007	4	54775343;54775370;54775401;54783763	0.934211
HG00733	2	chr19	KIR2DL1.0010101	KIR2DL1.026	NA	NA	76	70	54773369;54775198;54775317;54783002;54783019;54783007	4	54775343;54775370;54775401;54783763	0.921053
HG00733	2	chr19	KIR2DL1.0030201	KIR2DL1.005	NA	NA	76	70	54773406;54775198;54775317;54783002;54783019;54783517	4	54775343;54775370;54775401;54783763	0.921053
HG00733	2	chr19	KIR2DL1.0030202	KIR2DL1.005	NA	NA	76	70	54773406;54775198;54775317;54783002;54783019;54783517	4	54775343;54775370;54775401;54783763	0.921053
HG00733	2	chr19	KIR2DL1.0030204	KIR2DL1.005	NA	NA	76	70	54773406;54775198;54775317;54783002;54783019;54783517	4	54775343;54775370;54775401;54783763	0.921053
HG00733	2	chr19	KIR2DL1.0030205	KIR2DL1.005	NA	NA	76	70	54773406;54775198;54775317;54783002;54783019;54783517	4	54775343;54775370;54775401;54783763	0.921053
HG00733	2	chr19	KIR2DL1.0030222	KIR2DL1.005	NA	NA	76	70	54773406;54775198;54775317;54783002;54783019;54783517	4	54775343;54775370;54775401;54783763	0.921053
HG00733	2	chr19	KIR2DL1.0030230	KIR2DL1.005	NA	NA	76	70	54773406;54775198;54775317;54783002;54783019;54783517	4	54775343;54775370;54775401;54783763	0.921053
HG00733	2	chr19	KIR2DL1.0030232	KIR2DL1.005	NA	NA	76	70	54773406;54775198;54775317;54783002;54783019;54783517	4	54775343;54775370;54775401;54783763	0.921053
HG00733	2	chr19	KIR2DL1.0030241	KIR2DL1.005	NA	NA	76	70	54773406;54775198;54775317;54783002;54783019;54783517	4	54775343;54775370;54775401;54783763	0.921053
HG00733	2	chr19	KIR2DL1.005	KIR2DL1.005	NA	NA	75	69	54775198;54775317;54783002;54783019;54783517;54783763	4	54775343;54775370;54775401;54783763	0.920000
HG00733	2	chr19	KIR2DL1.005	KIR2DL1.0470101	NA	NA	76	70	54773406;54775198;54775317;54783002;54783019;54783517	4	54775343;54775370;54775401;54783763	0.921053
HG00733	2	chr19	KIR2DL1.0470101	KIR2DL1.0470101	NA	NA	76	70	54773406;54775198;54775317;54775401;54783002;54783019	4	54775343;54775370;54775401;54783763	0.921053
HG00733	2	chr19	KIR2DL1.0040101	KIR2DL1.010	NA	NA	76	69	54775198;54775317;54775343;54775370;54775401;54778656;54783019	4	54775343;54775370;54775401;54783763	0.907895
HG00733	2	chr19	KIR2DL1.0040102	KIR2DL1.010	NA	NA	76	69	54775198;54775317;54775343;54775370;54775401;54778656;54783019	4	54775343;54775370;54775401;54783763	0.907895
HG00733	2	chr19	KIR2DL1.0040112	KIR2DL1.010	NA	NA	76	69	54775198;54775317;54775343;54775370;54775401;54778656;54783019	4	54775343;54775370;54775401;54783763	0.907895
HG00733	2	chr19	KIR2DL1.010	KIR2DL1.035	NA	NA	76	69	54775198;54775317;54775343;54775370;54775401;54778656;54783019	4	54775343;54775370;54775401;54783763	0.907895
HG00733	2	chr19	KIR2DL1.010	KIR2DL1.0510101	NA	NA	76	69	54775198;54775317;54775343;54775370;54775401;54778656;54783019	4	54775343;54775370;54775401;54783763	0.907895
HG00733	2	chr19	KIR2DL1.010	KIR2DL1.056	NA	NA	76	69	54775198;54775317;54775343;54775370;54775401;54778656;54783019	4	54775343;54775370;54775401;54783763	0.907895
HG00733	2	chr19	KIR2DL1.035	KIR2DL1.035	NA	NA	76	69	54775198;54775317;54775343;54775370;54775401;54783002;54783019	4	54775343;54775370;54775401;54783763	0.907895
HG00733	2	chr19	KIR2DL1.0040101	KIR2DL1.0040101	NA	NA	76	68	54775198;54775317;54775343;54775370;54775401;54778656;54783002;54783019	4	54775343;54775370;54775401;54783763	0.894737
HG00733	2	chr19	KIR2DL1.0040101	KIR2DL1.0040102	NA	NA	76	68	54775198;54775317;54775343;54775370;54775401;54778656;54783002;54783019	4	54775343;54775370;54775401;54783763	0.894737
HG00733	2	chr19	KIR2DL1.0040101	KIR2DL1.0040112	NA	NA	76	68	54775198;54775317;54775343;54775370;54775401;54778656;54783002;54783019	4	54775343;54775370;54775401;54783763	0.894737
HG00733	2	chr19	KIR2DL1.0040101	KIR2DL1.035	NA	NA	76	68	54775198;54775317;54775343;54775370;54775401;54778656;54783002;54783019	4	54775343;54775370;54775401;54783763	0.894737
HG00733	2	chr19	KIR2DL1.0040101	KIR2DL1.0510101	NA	NA	76	68	54775198;54775317;54775343;54775370;54775401;54778656;54783002;54783019	4	54775343;54775370;54775401;54783763	0.894737
HG00733	2	chr19	KIR2DL1.0040101	KIR2DL1.056	NA	NA	76	68	54775198;54775317;54775343;54775370;54775401;54778656;54783002;54783019	4	54775343;54775370;54775401;54783763	0.894737
HG00733	2	chr19	KIR2DL1.0040102	KIR2DL1.0040102	NA	NA	76	68	54775198;54775317;54775343;54775370;54775401;54778656;54783002;54783019	4	54775343;54775370;54775401;54783763	0.894737
HG00733	2	chr19	KIR2DL1.0040102	KIR2DL1.0040112	NA	NA	76	68	54775198;54775317;54775343;54775370;54775401;54778656;54783002;54783019	4	54775343;54775370;54775401;54783763	0.894737
HG00733	2	chr19	KIR2DL1.0040102	KIR2DL1.035	NA	NA	76	68	54775198;54775317;54775343;54775370;54775401;54778656;54783002;54783019	4	54775343;54775370;54775401;54783763	0.894737
HG00733	2	chr19	KIR2DL1.0040102	KIR2DL1.0510101	NA	NA	76	68	54775198;54775317;54775343;54775370;54775401;54778656;54783002;54783019	4	54775343;54775370;54775401;54783763	0.894737
HG00733	2	chr19	KIR2DL1.0040102	KIR2DL1.056	NA	NA	76	68	54775198;54775317;54775343;54775370;54775401;54778656;54783002;54783019	4	54775343;54775370;54775401;54783763	0.894737
HG00733	2	chr19	KIR2DL1.0040112	KIR2DL1.0040112	NA	NA	76	68	54775198;54775317;54775343;54775370;54775401;54778656;54783002;54783019	4	54775343;54775370;54775401;54783763	0.894737
HG00733	2	chr19	KIR2DL1.0040112	KIR2DL1.035	NA	NA	76	68	54775198;54775317;54775343;54775370;54775401;54778656;54783002;54783019	4	54775343;54775370;54775401;54783763	0.894737
HG00733	2	chr19	KIR2DL1.0040112	KIR2DL1.0510101	NA	NA	76	68	54775198;54775317;54775343;54775370;54775401;54778656;54783002;54783019	4	54775343;54775370;54775401;54783763	0.894737
HG00733	2	chr19	KIR2DL1.0040112	KIR2DL1.056	NA	NA	76	68	54775198;54775317;54775343;54775370;54775401;54778656;54783002;54783019	4	54775343;54775370;54775401;54783763	0.894737
HG00733	2	chr19	KIR2DL1.010	KIR2DL1.010	NA	NA	76	68	54775198;54775317;54775343;54775370;54775401;54778656;54783002;54783019	4	54775343;54775370;54775401;54783763	0.894737
HG00733	2	chr19	KIR2DL1.035	KIR2DL1.0510101	NA	NA	76	68	54775198;54775317;54775343;54775370;54775401;54778656;54783002;54783019	4	54775343;54775370;54775401;54783763	0.894737
HG00733	2	chr19	KIR2DL1.035	KIR2DL1.056	NA	NA	76	68	54775198;54775317;54775343;54775370;54775401;54778656;54783002;54783019	4	54775343;54775370;54775401;54783763	0.894737
HG00733	2	chr19	KIR2DL1.0510101	KIR2DL1.056	NA	NA	76	68	54775198;54775317;54775343;54775370;54775401;54778656;54783002;54783019	4	54775343;54775370;54775401;54783763	0.894737
HG00733	2	chr19	KIR2DL1.056	KIR2DL1.056	NA	NA	76	68	54775198;54775317;54775343;54775370;54775401;54778656;54783002;54783019	4	54775343;54775370;54775401;54783763	0.894737
HG00733	2	chr19	KIR2DL1.0510101	KIR2DL1.0510101	NA	NA	76	67	54775198;54775317;54775343;54775370;54775401;54778656;54783002;54783019;54783763	4	54775343;54775370;54775401;54783763	0.881579
