Sample	Copy_number	Chr	Allele_A	Allele_B	Allele_C	Allele_D	Tested_genotypes	Valid_genotypes	Error_list	Missed_genotypes	Missed_list	Ratio
HG00735	2	chr19_KI270921v1_alt	KIR2DS2.0010102	KIR2DS2.0010102	NA	NA	39	39	none	5	50549;50566;50573;50584;50594	1.000000
HG00735	2	chr19_KI270921v1_alt	KIR2DS2.0010102	KIR2DS2.0010104	NA	NA	39	39	none	5	50549;50566;50573;50584;50594	1.000000
HG00735	2	chr19_KI270921v1_alt	KIR2DS2.0010102	KIR2DS2.0010106	NA	NA	39	39	none	5	50549;50566;50573;50584;50594	1.000000
HG00735	2	chr19_KI270921v1_alt	KIR2DS2.0010102	KIR2DS2.017	NA	NA	39	39	none	5	50549;50566;50573;50584;50594	1.000000
HG00735	2	chr19_KI270921v1_alt	KIR2DS2.0010102	KIR2DS2.019	NA	NA	39	39	none	5	50549;50566;50573;50584;50594	1.000000
HG00735	2	chr19_KI270921v1_alt	KIR2DS2.0010104	KIR2DS2.0010104	NA	NA	39	39	none	5	50549;50566;50573;50584;50594	1.000000
HG00735	2	chr19_KI270921v1_alt	KIR2DS2.0010104	KIR2DS2.0010106	NA	NA	39	39	none	5	50549;50566;50573;50584;50594	1.000000
HG00735	2	chr19_KI270921v1_alt	KIR2DS2.0010104	KIR2DS2.017	NA	NA	39	39	none	5	50549;50566;50573;50584;50594	1.000000
HG00735	2	chr19_KI270921v1_alt	KIR2DS2.0010104	KIR2DS2.019	NA	NA	39	39	none	5	50549;50566;50573;50584;50594	1.000000
HG00735	2	chr19_KI270921v1_alt	KIR2DS2.0010106	KIR2DS2.0010106	NA	NA	39	39	none	5	50549;50566;50573;50584;50594	1.000000
HG00735	2	chr19_KI270921v1_alt	KIR2DS2.0010106	KIR2DS2.017	NA	NA	39	39	none	5	50549;50566;50573;50584;50594	1.000000
HG00735	2	chr19_KI270921v1_alt	KIR2DS2.0010106	KIR2DS2.019	NA	NA	39	39	none	5	50549;50566;50573;50584;50594	1.000000
HG00735	2	chr19_KI270921v1_alt	KIR2DS2.017	KIR2DS2.017	NA	NA	39	39	none	5	50549;50566;50573;50584;50594	1.000000
HG00735	2	chr19_KI270921v1_alt	KIR2DS2.017	KIR2DS2.019	NA	NA	39	39	none	5	50549;50566;50573;50584;50594	1.000000
HG00735	2	chr19_KI270921v1_alt	KIR2DS2.019	KIR2DS2.019	NA	NA	39	39	none	5	50549;50566;50573;50584;50594	1.000000
HG00735	2	chr19_KI270921v1_alt	KIR2DS2.0010101	KIR2DS2.0010101	NA	NA	39	38	50765	5	50549;50566;50573;50584;50594	0.974359
HG00735	2	chr19_KI270921v1_alt	KIR2DS2.0010101	KIR2DS2.0010102	NA	NA	39	38	50765	5	50549;50566;50573;50584;50594	0.974359
HG00735	2	chr19_KI270921v1_alt	KIR2DS2.0010101	KIR2DS2.0010104	NA	NA	39	38	50765	5	50549;50566;50573;50584;50594	0.974359
HG00735	2	chr19_KI270921v1_alt	KIR2DS2.0010101	KIR2DS2.0010106	NA	NA	39	38	50765	5	50549;50566;50573;50584;50594	0.974359
HG00735	2	chr19_KI270921v1_alt	KIR2DS2.0010101	KIR2DS2.017	NA	NA	39	38	50765	5	50549;50566;50573;50584;50594	0.974359
HG00735	2	chr19_KI270921v1_alt	KIR2DS2.0010101	KIR2DS2.019	NA	NA	39	38	50765	5	50549;50566;50573;50584;50594	0.974359
HG00735	2	chr19_KI270921v1_alt	KIR2DS2.0010102	KIR2DS2.0010113	NA	NA	39	38	50745	5	50549;50566;50573;50584;50594	0.974359
HG00735	2	chr19_KI270921v1_alt	KIR2DS2.0010102	KIR2DS2.0010115	NA	NA	39	38	50786	5	50549;50566;50573;50584;50594	0.974359
HG00735	2	chr19_KI270921v1_alt	KIR2DS2.0010102	KIR2DS2.0010117	NA	NA	39	38	50786	5	50549;50566;50573;50584;50594	0.974359
HG00735	2	chr19_KI270921v1_alt	KIR2DS2.0010102	KIR2DS2.0010125	NA	NA	39	38	50811	5	50549;50566;50573;50584;50594	0.974359
HG00735	2	chr19_KI270921v1_alt	KIR2DS2.0010102	KIR2DS2.0010128	NA	NA	39	38	50843	5	50549;50566;50573;50584;50594	0.974359
HG00735	2	chr19_KI270921v1_alt	KIR2DS2.0010102	KIR2DS2.00102	NA	NA	39	38	49994	5	50549;50566;50573;50584;50594	0.974359
HG00735	2	chr19_KI270921v1_alt	KIR2DS2.0010102	KIR2DS2.00103	NA	NA	39	38	42330	5	50549;50566;50573;50584;50594	0.974359
HG00735	2	chr19_KI270921v1_alt	KIR2DS2.0010102	KIR2DS2.00104	NA	NA	39	38	42247	5	50549;50566;50573;50584;50594	0.974359
HG00735	2	chr19_KI270921v1_alt	KIR2DS2.0010102	KIR2DS2.00105	NA	NA	39	38	49994	5	50549;50566;50573;50584;50594	0.974359
HG00735	2	chr19_KI270921v1_alt	KIR2DS2.0010102	KIR2DS2.00106	NA	NA	39	38	40557	5	50549;50566;50573;50584;50594	0.974359
HG00735	2	chr19_KI270921v1_alt	KIR2DS2.0010102	KIR2DS2.0010701	NA	NA	39	38	40500	5	50549;50566;50573;50584;50594	0.974359
HG00735	2	chr19_KI270921v1_alt	KIR2DS2.0010102	KIR2DS2.002	NA	NA	39	38	37933	5	50549;50566;50573;50584;50594	0.974359
HG00735	2	chr19_KI270921v1_alt	KIR2DS2.0010102	KIR2DS2.00602	NA	NA	39	38	50073	5	50549;50566;50573;50584;50594	0.974359
HG00735	2	chr19_KI270921v1_alt	KIR2DS2.0010102	KIR2DS2.007	NA	NA	39	38	40402	5	50549;50566;50573;50584;50594	0.974359
HG00735	2	chr19_KI270921v1_alt	KIR2DS2.0010102	KIR2DS2.008	NA	NA	39	38	42283	5	50549;50566;50573;50584;50594	0.974359
HG00735	2	chr19_KI270921v1_alt	KIR2DS2.0010102	KIR2DS2.0090101	NA	NA	39	38	40420	5	50549;50566;50573;50584;50594	0.974359
HG00735	2	chr19_KI270921v1_alt	KIR2DS2.0010102	KIR2DS2.010	NA	NA	39	38	42440	5	50549;50566;50573;50584;50594	0.974359
HG00735	2	chr19_KI270921v1_alt	KIR2DS2.0010102	KIR2DS2.018	NA	NA	39	38	42314	5	50549;50566;50573;50584;50594	0.974359
HG00735	2	chr19_KI270921v1_alt	KIR2DS2.0010102	KIR2DS2.0200101	NA	NA	39	38	49987	5	50549;50566;50573;50584;50594	0.974359
HG00735	2	chr19_KI270921v1_alt	KIR2DS2.0010102	KIR2DS2.0210101	NA	NA	39	38	50061	5	50549;50566;50573;50584;50594	0.974359
HG00735	2	chr19_KI270921v1_alt	KIR2DS2.0010102	KIR2DS2.022	NA	NA	39	38	37109	5	50549;50566;50573;50584;50594	0.974359
HG00735	2	chr19_KI270921v1_alt	KIR2DS2.0010104	KIR2DS2.0010113	NA	NA	39	38	50745	5	50549;50566;50573;50584;50594	0.974359
HG00735	2	chr19_KI270921v1_alt	KIR2DS2.0010104	KIR2DS2.0010115	NA	NA	39	38	50786	5	50549;50566;50573;50584;50594	0.974359
HG00735	2	chr19_KI270921v1_alt	KIR2DS2.0010104	KIR2DS2.0010117	NA	NA	39	38	50786	5	50549;50566;50573;50584;50594	0.974359
HG00735	2	chr19_KI270921v1_alt	KIR2DS2.0010104	KIR2DS2.0010125	NA	NA	39	38	50811	5	50549;50566;50573;50584;50594	0.974359
HG00735	2	chr19_KI270921v1_alt	KIR2DS2.0010104	KIR2DS2.0010128	NA	NA	39	38	50843	5	50549;50566;50573;50584;50594	0.974359
HG00735	2	chr19_KI270921v1_alt	KIR2DS2.0010104	KIR2DS2.00102	NA	NA	39	38	49994	5	50549;50566;50573;50584;50594	0.974359
HG00735	2	chr19_KI270921v1_alt	KIR2DS2.0010104	KIR2DS2.00103	NA	NA	39	38	42330	5	50549;50566;50573;50584;50594	0.974359
HG00735	2	chr19_KI270921v1_alt	KIR2DS2.0010104	KIR2DS2.00104	NA	NA	39	38	42247	5	50549;50566;50573;50584;50594	0.974359
HG00735	2	chr19_KI270921v1_alt	KIR2DS2.0010104	KIR2DS2.00105	NA	NA	39	38	49994	5	50549;50566;50573;50584;50594	0.974359
HG00735	2	chr19_KI270921v1_alt	KIR2DS2.0010104	KIR2DS2.00106	NA	NA	39	38	40557	5	50549;50566;50573;50584;50594	0.974359
HG00735	2	chr19_KI270921v1_alt	KIR2DS2.0010104	KIR2DS2.0010701	NA	NA	39	38	40500	5	50549;50566;50573;50584;50594	0.974359
HG00735	2	chr19_KI270921v1_alt	KIR2DS2.0010104	KIR2DS2.002	NA	NA	39	38	37933	5	50549;50566;50573;50584;50594	0.974359
HG00735	2	chr19_KI270921v1_alt	KIR2DS2.0010104	KIR2DS2.00602	NA	NA	39	38	50073	5	50549;50566;50573;50584;50594	0.974359
HG00735	2	chr19_KI270921v1_alt	KIR2DS2.0010104	KIR2DS2.007	NA	NA	39	38	40402	5	50549;50566;50573;50584;50594	0.974359
HG00735	2	chr19_KI270921v1_alt	KIR2DS2.0010104	KIR2DS2.008	NA	NA	39	38	42283	5	50549;50566;50573;50584;50594	0.974359
HG00735	2	chr19_KI270921v1_alt	KIR2DS2.0010104	KIR2DS2.0090101	NA	NA	39	38	40420	5	50549;50566;50573;50584;50594	0.974359
HG00735	2	chr19_KI270921v1_alt	KIR2DS2.0010104	KIR2DS2.010	NA	NA	39	38	42440	5	50549;50566;50573;50584;50594	0.974359
HG00735	2	chr19_KI270921v1_alt	KIR2DS2.0010104	KIR2DS2.018	NA	NA	39	38	42314	5	50549;50566;50573;50584;50594	0.974359
HG00735	2	chr19_KI270921v1_alt	KIR2DS2.0010104	KIR2DS2.0200101	NA	NA	39	38	49987	5	50549;50566;50573;50584;50594	0.974359
HG00735	2	chr19_KI270921v1_alt	KIR2DS2.0010104	KIR2DS2.0210101	NA	NA	39	38	50061	5	50549;50566;50573;50584;50594	0.974359
HG00735	2	chr19_KI270921v1_alt	KIR2DS2.0010104	KIR2DS2.022	NA	NA	39	38	37109	5	50549;50566;50573;50584;50594	0.974359
HG00735	2	chr19_KI270921v1_alt	KIR2DS2.0010106	KIR2DS2.0010113	NA	NA	39	38	50745	5	50549;50566;50573;50584;50594	0.974359
HG00735	2	chr19_KI270921v1_alt	KIR2DS2.0010106	KIR2DS2.0010115	NA	NA	39	38	50786	5	50549;50566;50573;50584;50594	0.974359
HG00735	2	chr19_KI270921v1_alt	KIR2DS2.0010106	KIR2DS2.0010117	NA	NA	39	38	50786	5	50549;50566;50573;50584;50594	0.974359
HG00735	2	chr19_KI270921v1_alt	KIR2DS2.0010106	KIR2DS2.0010125	NA	NA	39	38	50811	5	50549;50566;50573;50584;50594	0.974359
HG00735	2	chr19_KI270921v1_alt	KIR2DS2.0010106	KIR2DS2.0010128	NA	NA	39	38	50843	5	50549;50566;50573;50584;50594	0.974359
HG00735	2	chr19_KI270921v1_alt	KIR2DS2.0010106	KIR2DS2.00102	NA	NA	39	38	49994	5	50549;50566;50573;50584;50594	0.974359
HG00735	2	chr19_KI270921v1_alt	KIR2DS2.0010106	KIR2DS2.00103	NA	NA	39	38	42330	5	50549;50566;50573;50584;50594	0.974359
HG00735	2	chr19_KI270921v1_alt	KIR2DS2.0010106	KIR2DS2.00104	NA	NA	39	38	42247	5	50549;50566;50573;50584;50594	0.974359
HG00735	2	chr19_KI270921v1_alt	KIR2DS2.0010106	KIR2DS2.00105	NA	NA	39	38	49994	5	50549;50566;50573;50584;50594	0.974359
HG00735	2	chr19_KI270921v1_alt	KIR2DS2.0010106	KIR2DS2.00106	NA	NA	39	38	40557	5	50549;50566;50573;50584;50594	0.974359
HG00735	2	chr19_KI270921v1_alt	KIR2DS2.0010106	KIR2DS2.0010701	NA	NA	39	38	40500	5	50549;50566;50573;50584;50594	0.974359
HG00735	2	chr19_KI270921v1_alt	KIR2DS2.0010106	KIR2DS2.002	NA	NA	39	38	37933	5	50549;50566;50573;50584;50594	0.974359
HG00735	2	chr19_KI270921v1_alt	KIR2DS2.0010106	KIR2DS2.00602	NA	NA	39	38	50073	5	50549;50566;50573;50584;50594	0.974359
HG00735	2	chr19_KI270921v1_alt	KIR2DS2.0010106	KIR2DS2.007	NA	NA	39	38	40402	5	50549;50566;50573;50584;50594	0.974359
HG00735	2	chr19_KI270921v1_alt	KIR2DS2.0010106	KIR2DS2.008	NA	NA	39	38	42283	5	50549;50566;50573;50584;50594	0.974359
HG00735	2	chr19_KI270921v1_alt	KIR2DS2.0010106	KIR2DS2.0090101	NA	NA	39	38	40420	5	50549;50566;50573;50584;50594	0.974359
HG00735	2	chr19_KI270921v1_alt	KIR2DS2.0010106	KIR2DS2.010	NA	NA	39	38	42440	5	50549;50566;50573;50584;50594	0.974359
HG00735	2	chr19_KI270921v1_alt	KIR2DS2.0010106	KIR2DS2.018	NA	NA	39	38	42314	5	50549;50566;50573;50584;50594	0.974359
HG00735	2	chr19_KI270921v1_alt	KIR2DS2.0010106	KIR2DS2.0200101	NA	NA	39	38	49987	5	50549;50566;50573;50584;50594	0.974359
HG00735	2	chr19_KI270921v1_alt	KIR2DS2.0010106	KIR2DS2.0210101	NA	NA	39	38	50061	5	50549;50566;50573;50584;50594	0.974359
HG00735	2	chr19_KI270921v1_alt	KIR2DS2.0010106	KIR2DS2.022	NA	NA	39	38	37109	5	50549;50566;50573;50584;50594	0.974359
HG00735	2	chr19_KI270921v1_alt	KIR2DS2.0010113	KIR2DS2.0010113	NA	NA	39	38	50745	5	50549;50566;50573;50584;50594	0.974359
HG00735	2	chr19_KI270921v1_alt	KIR2DS2.0010113	KIR2DS2.017	NA	NA	39	38	50745	5	50549;50566;50573;50584;50594	0.974359
HG00735	2	chr19_KI270921v1_alt	KIR2DS2.0010113	KIR2DS2.019	NA	NA	39	38	50745	5	50549;50566;50573;50584;50594	0.974359
HG00735	2	chr19_KI270921v1_alt	KIR2DS2.0010115	KIR2DS2.0010115	NA	NA	39	38	50786	5	50549;50566;50573;50584;50594	0.974359
HG00735	2	chr19_KI270921v1_alt	KIR2DS2.0010115	KIR2DS2.0010117	NA	NA	39	38	50786	5	50549;50566;50573;50584;50594	0.974359
HG00735	2	chr19_KI270921v1_alt	KIR2DS2.0010115	KIR2DS2.017	NA	NA	39	38	50786	5	50549;50566;50573;50584;50594	0.974359
HG00735	2	chr19_KI270921v1_alt	KIR2DS2.0010115	KIR2DS2.019	NA	NA	39	38	50786	5	50549;50566;50573;50584;50594	0.974359
HG00735	2	chr19_KI270921v1_alt	KIR2DS2.0010117	KIR2DS2.0010117	NA	NA	39	38	50786	5	50549;50566;50573;50584;50594	0.974359
HG00735	2	chr19_KI270921v1_alt	KIR2DS2.0010117	KIR2DS2.017	NA	NA	39	38	50786	5	50549;50566;50573;50584;50594	0.974359
HG00735	2	chr19_KI270921v1_alt	KIR2DS2.0010117	KIR2DS2.019	NA	NA	39	38	50786	5	50549;50566;50573;50584;50594	0.974359
HG00735	2	chr19_KI270921v1_alt	KIR2DS2.0010125	KIR2DS2.0010125	NA	NA	39	38	50811	5	50549;50566;50573;50584;50594	0.974359
HG00735	2	chr19_KI270921v1_alt	KIR2DS2.0010125	KIR2DS2.017	NA	NA	39	38	50811	5	50549;50566;50573;50584;50594	0.974359
HG00735	2	chr19_KI270921v1_alt	KIR2DS2.0010125	KIR2DS2.019	NA	NA	39	38	50811	5	50549;50566;50573;50584;50594	0.974359
HG00735	2	chr19_KI270921v1_alt	KIR2DS2.0010128	KIR2DS2.0010128	NA	NA	39	38	50843	5	50549;50566;50573;50584;50594	0.974359
HG00735	2	chr19_KI270921v1_alt	KIR2DS2.0010128	KIR2DS2.017	NA	NA	39	38	50843	5	50549;50566;50573;50584;50594	0.974359
HG00735	2	chr19_KI270921v1_alt	KIR2DS2.0010128	KIR2DS2.019	NA	NA	39	38	50843	5	50549;50566;50573;50584;50594	0.974359
HG00735	2	chr19_KI270921v1_alt	KIR2DS2.00102	KIR2DS2.00102	NA	NA	33	32	49994	5	50549;50566;50573;50584;50594	0.969697
HG00735	2	chr19_KI270921v1_alt	KIR2DS2.00102	KIR2DS2.00105	NA	NA	33	32	49994	5	50549;50566;50573;50584;50594	0.969697
HG00735	2	chr19_KI270921v1_alt	KIR2DS2.00102	KIR2DS2.017	NA	NA	39	38	49994	5	50549;50566;50573;50584;50594	0.974359
HG00735	2	chr19_KI270921v1_alt	KIR2DS2.00102	KIR2DS2.019	NA	NA	39	38	49994	5	50549;50566;50573;50584;50594	0.974359
HG00735	2	chr19_KI270921v1_alt	KIR2DS2.00103	KIR2DS2.00103	NA	NA	32	31	42330	5	50549;50566;50573;50584;50594	0.968750
HG00735	2	chr19_KI270921v1_alt	KIR2DS2.00103	KIR2DS2.017	NA	NA	39	38	42330	5	50549;50566;50573;50584;50594	0.974359
HG00735	2	chr19_KI270921v1_alt	KIR2DS2.00103	KIR2DS2.019	NA	NA	39	38	42330	5	50549;50566;50573;50584;50594	0.974359
HG00735	2	chr19_KI270921v1_alt	KIR2DS2.00104	KIR2DS2.00104	NA	NA	33	32	42247	5	50549;50566;50573;50584;50594	0.969697
HG00735	2	chr19_KI270921v1_alt	KIR2DS2.00104	KIR2DS2.017	NA	NA	39	38	42247	5	50549;50566;50573;50584;50594	0.974359
HG00735	2	chr19_KI270921v1_alt	KIR2DS2.00104	KIR2DS2.019	NA	NA	39	38	42247	5	50549;50566;50573;50584;50594	0.974359
HG00735	2	chr19_KI270921v1_alt	KIR2DS2.00105	KIR2DS2.00105	NA	NA	33	32	49994	5	50549;50566;50573;50584;50594	0.969697
HG00735	2	chr19_KI270921v1_alt	KIR2DS2.00105	KIR2DS2.017	NA	NA	39	38	49994	5	50549;50566;50573;50584;50594	0.974359
HG00735	2	chr19_KI270921v1_alt	KIR2DS2.00105	KIR2DS2.019	NA	NA	39	38	49994	5	50549;50566;50573;50584;50594	0.974359
HG00735	2	chr19_KI270921v1_alt	KIR2DS2.00106	KIR2DS2.00106	NA	NA	39	38	40557	5	50549;50566;50573;50584;50594	0.974359
HG00735	2	chr19_KI270921v1_alt	KIR2DS2.00106	KIR2DS2.017	NA	NA	39	38	40557	5	50549;50566;50573;50584;50594	0.974359
HG00735	2	chr19_KI270921v1_alt	KIR2DS2.00106	KIR2DS2.019	NA	NA	39	38	40557	5	50549;50566;50573;50584;50594	0.974359
HG00735	2	chr19_KI270921v1_alt	KIR2DS2.0010701	KIR2DS2.0010701	NA	NA	39	38	40500	5	50549;50566;50573;50584;50594	0.974359
HG00735	2	chr19_KI270921v1_alt	KIR2DS2.0010701	KIR2DS2.017	NA	NA	39	38	40500	5	50549;50566;50573;50584;50594	0.974359
HG00735	2	chr19_KI270921v1_alt	KIR2DS2.0010701	KIR2DS2.019	NA	NA	39	38	40500	5	50549;50566;50573;50584;50594	0.974359
HG00735	2	chr19_KI270921v1_alt	KIR2DS2.002	KIR2DS2.002	NA	NA	33	32	37933	5	50549;50566;50573;50584;50594	0.969697
HG00735	2	chr19_KI270921v1_alt	KIR2DS2.002	KIR2DS2.017	NA	NA	39	38	37933	5	50549;50566;50573;50584;50594	0.974359
HG00735	2	chr19_KI270921v1_alt	KIR2DS2.002	KIR2DS2.019	NA	NA	39	38	37933	5	50549;50566;50573;50584;50594	0.974359
HG00735	2	chr19_KI270921v1_alt	KIR2DS2.00602	KIR2DS2.00602	NA	NA	39	38	50073	5	50549;50566;50573;50584;50594	0.974359
HG00735	2	chr19_KI270921v1_alt	KIR2DS2.00602	KIR2DS2.017	NA	NA	39	38	50073	5	50549;50566;50573;50584;50594	0.974359
HG00735	2	chr19_KI270921v1_alt	KIR2DS2.00602	KIR2DS2.019	NA	NA	39	38	50073	5	50549;50566;50573;50584;50594	0.974359
HG00735	2	chr19_KI270921v1_alt	KIR2DS2.007	KIR2DS2.007	NA	NA	32	31	40402	5	50549;50566;50573;50584;50594	0.968750
HG00735	2	chr19_KI270921v1_alt	KIR2DS2.007	KIR2DS2.017	NA	NA	39	38	40402	5	50549;50566;50573;50584;50594	0.974359
HG00735	2	chr19_KI270921v1_alt	KIR2DS2.007	KIR2DS2.019	NA	NA	39	38	40402	5	50549;50566;50573;50584;50594	0.974359
HG00735	2	chr19_KI270921v1_alt	KIR2DS2.008	KIR2DS2.008	NA	NA	32	31	42283	5	50549;50566;50573;50584;50594	0.968750
HG00735	2	chr19_KI270921v1_alt	KIR2DS2.008	KIR2DS2.017	NA	NA	39	38	42283	5	50549;50566;50573;50584;50594	0.974359
HG00735	2	chr19_KI270921v1_alt	KIR2DS2.008	KIR2DS2.019	NA	NA	39	38	42283	5	50549;50566;50573;50584;50594	0.974359
HG00735	2	chr19_KI270921v1_alt	KIR2DS2.0090101	KIR2DS2.0090101	NA	NA	39	38	40420	5	50549;50566;50573;50584;50594	0.974359
HG00735	2	chr19_KI270921v1_alt	KIR2DS2.0090101	KIR2DS2.017	NA	NA	39	38	40420	5	50549;50566;50573;50584;50594	0.974359
HG00735	2	chr19_KI270921v1_alt	KIR2DS2.0090101	KIR2DS2.019	NA	NA	39	38	40420	5	50549;50566;50573;50584;50594	0.974359
HG00735	2	chr19_KI270921v1_alt	KIR2DS2.010	KIR2DS2.010	NA	NA	39	38	42440	5	50549;50566;50573;50584;50594	0.974359
HG00735	2	chr19_KI270921v1_alt	KIR2DS2.010	KIR2DS2.017	NA	NA	39	38	42440	5	50549;50566;50573;50584;50594	0.974359
HG00735	2	chr19_KI270921v1_alt	KIR2DS2.010	KIR2DS2.019	NA	NA	39	38	42440	5	50549;50566;50573;50584;50594	0.974359
HG00735	2	chr19_KI270921v1_alt	KIR2DS2.017	KIR2DS2.018	NA	NA	39	38	42314	5	50549;50566;50573;50584;50594	0.974359
HG00735	2	chr19_KI270921v1_alt	KIR2DS2.017	KIR2DS2.0200101	NA	NA	39	38	49987	5	50549;50566;50573;50584;50594	0.974359
HG00735	2	chr19_KI270921v1_alt	KIR2DS2.017	KIR2DS2.0210101	NA	NA	39	38	50061	5	50549;50566;50573;50584;50594	0.974359
HG00735	2	chr19_KI270921v1_alt	KIR2DS2.017	KIR2DS2.022	NA	NA	39	38	37109	5	50549;50566;50573;50584;50594	0.974359
HG00735	2	chr19_KI270921v1_alt	KIR2DS2.018	KIR2DS2.018	NA	NA	39	38	42314	5	50549;50566;50573;50584;50594	0.974359
HG00735	2	chr19_KI270921v1_alt	KIR2DS2.018	KIR2DS2.019	NA	NA	39	38	42314	5	50549;50566;50573;50584;50594	0.974359
HG00735	2	chr19_KI270921v1_alt	KIR2DS2.019	KIR2DS2.0200101	NA	NA	39	38	49987	5	50549;50566;50573;50584;50594	0.974359
HG00735	2	chr19_KI270921v1_alt	KIR2DS2.019	KIR2DS2.0210101	NA	NA	39	38	50061	5	50549;50566;50573;50584;50594	0.974359
HG00735	2	chr19_KI270921v1_alt	KIR2DS2.019	KIR2DS2.022	NA	NA	39	38	37109	5	50549;50566;50573;50584;50594	0.974359
HG00735	2	chr19_KI270921v1_alt	KIR2DS2.0200101	KIR2DS2.0200101	NA	NA	39	38	49987	5	50549;50566;50573;50584;50594	0.974359
HG00735	2	chr19_KI270921v1_alt	KIR2DS2.0210101	KIR2DS2.0210101	NA	NA	39	38	50061	5	50549;50566;50573;50584;50594	0.974359
HG00735	2	chr19_KI270921v1_alt	KIR2DS2.022	KIR2DS2.022	NA	NA	33	32	37109	5	50549;50566;50573;50584;50594	0.969697
HG00735	2	chr19_KI270921v1_alt	KIR2DS2.0010101	KIR2DS2.0010113	NA	NA	39	37	50745;50765	5	50549;50566;50573;50584;50594	0.948718
HG00735	2	chr19_KI270921v1_alt	KIR2DS2.0010101	KIR2DS2.0010115	NA	NA	39	37	50765;50786	5	50549;50566;50573;50584;50594	0.948718
HG00735	2	chr19_KI270921v1_alt	KIR2DS2.0010101	KIR2DS2.0010117	NA	NA	39	37	50765;50786	5	50549;50566;50573;50584;50594	0.948718
HG00735	2	chr19_KI270921v1_alt	KIR2DS2.0010101	KIR2DS2.0010125	NA	NA	39	37	50765;50811	5	50549;50566;50573;50584;50594	0.948718
HG00735	2	chr19_KI270921v1_alt	KIR2DS2.0010101	KIR2DS2.0010128	NA	NA	39	37	50765;50843	5	50549;50566;50573;50584;50594	0.948718
HG00735	2	chr19_KI270921v1_alt	KIR2DS2.0010101	KIR2DS2.00102	NA	NA	39	37	49994;50765	5	50549;50566;50573;50584;50594	0.948718
HG00735	2	chr19_KI270921v1_alt	KIR2DS2.0010101	KIR2DS2.00103	NA	NA	39	37	42330;50765	5	50549;50566;50573;50584;50594	0.948718
HG00735	2	chr19_KI270921v1_alt	KIR2DS2.0010101	KIR2DS2.00104	NA	NA	39	37	42247;50765	5	50549;50566;50573;50584;50594	0.948718
HG00735	2	chr19_KI270921v1_alt	KIR2DS2.0010101	KIR2DS2.00105	NA	NA	39	37	49994;50765	5	50549;50566;50573;50584;50594	0.948718
HG00735	2	chr19_KI270921v1_alt	KIR2DS2.0010101	KIR2DS2.00106	NA	NA	39	37	40557;50765	5	50549;50566;50573;50584;50594	0.948718
HG00735	2	chr19_KI270921v1_alt	KIR2DS2.0010101	KIR2DS2.0010701	NA	NA	39	37	40500;50765	5	50549;50566;50573;50584;50594	0.948718
HG00735	2	chr19_KI270921v1_alt	KIR2DS2.0010101	KIR2DS2.002	NA	NA	39	37	37933;50765	5	50549;50566;50573;50584;50594	0.948718
HG00735	2	chr19_KI270921v1_alt	KIR2DS2.0010101	KIR2DS2.00602	NA	NA	39	37	50073;50765	5	50549;50566;50573;50584;50594	0.948718
HG00735	2	chr19_KI270921v1_alt	KIR2DS2.0010101	KIR2DS2.007	NA	NA	39	37	40402;50765	5	50549;50566;50573;50584;50594	0.948718
HG00735	2	chr19_KI270921v1_alt	KIR2DS2.0010101	KIR2DS2.008	NA	NA	39	37	42283;50765	5	50549;50566;50573;50584;50594	0.948718
HG00735	2	chr19_KI270921v1_alt	KIR2DS2.0010101	KIR2DS2.0090101	NA	NA	39	37	40420;50765	5	50549;50566;50573;50584;50594	0.948718
HG00735	2	chr19_KI270921v1_alt	KIR2DS2.0010101	KIR2DS2.010	NA	NA	39	37	42440;50765	5	50549;50566;50573;50584;50594	0.948718
HG00735	2	chr19_KI270921v1_alt	KIR2DS2.0010101	KIR2DS2.018	NA	NA	39	37	42314;50765	5	50549;50566;50573;50584;50594	0.948718
HG00735	2	chr19_KI270921v1_alt	KIR2DS2.0010101	KIR2DS2.0200101	NA	NA	39	37	49987;50765	5	50549;50566;50573;50584;50594	0.948718
HG00735	2	chr19_KI270921v1_alt	KIR2DS2.0010101	KIR2DS2.0210101	NA	NA	39	37	50061;50765	5	50549;50566;50573;50584;50594	0.948718
HG00735	2	chr19_KI270921v1_alt	KIR2DS2.0010101	KIR2DS2.022	NA	NA	39	37	37109;50765	5	50549;50566;50573;50584;50594	0.948718
HG00735	2	chr19_KI270921v1_alt	KIR2DS2.0010113	KIR2DS2.0010115	NA	NA	39	37	50745;50786	5	50549;50566;50573;50584;50594	0.948718
HG00735	2	chr19_KI270921v1_alt	KIR2DS2.0010113	KIR2DS2.0010117	NA	NA	39	37	50745;50786	5	50549;50566;50573;50584;50594	0.948718
HG00735	2	chr19_KI270921v1_alt	KIR2DS2.0010113	KIR2DS2.0010125	NA	NA	39	37	50745;50811	5	50549;50566;50573;50584;50594	0.948718
HG00735	2	chr19_KI270921v1_alt	KIR2DS2.0010113	KIR2DS2.0010128	NA	NA	39	37	50745;50843	5	50549;50566;50573;50584;50594	0.948718
HG00735	2	chr19_KI270921v1_alt	KIR2DS2.0010113	KIR2DS2.00102	NA	NA	39	37	49994;50745	5	50549;50566;50573;50584;50594	0.948718
HG00735	2	chr19_KI270921v1_alt	KIR2DS2.0010113	KIR2DS2.00103	NA	NA	39	37	42330;50745	5	50549;50566;50573;50584;50594	0.948718
HG00735	2	chr19_KI270921v1_alt	KIR2DS2.0010113	KIR2DS2.00104	NA	NA	39	37	42247;50745	5	50549;50566;50573;50584;50594	0.948718
HG00735	2	chr19_KI270921v1_alt	KIR2DS2.0010113	KIR2DS2.00105	NA	NA	39	37	49994;50745	5	50549;50566;50573;50584;50594	0.948718
HG00735	2	chr19_KI270921v1_alt	KIR2DS2.0010113	KIR2DS2.00106	NA	NA	39	37	40557;50745	5	50549;50566;50573;50584;50594	0.948718
HG00735	2	chr19_KI270921v1_alt	KIR2DS2.0010113	KIR2DS2.0010701	NA	NA	39	37	40500;50745	5	50549;50566;50573;50584;50594	0.948718
HG00735	2	chr19_KI270921v1_alt	KIR2DS2.0010113	KIR2DS2.002	NA	NA	39	37	37933;50745	5	50549;50566;50573;50584;50594	0.948718
HG00735	2	chr19_KI270921v1_alt	KIR2DS2.0010113	KIR2DS2.00602	NA	NA	39	37	50073;50745	5	50549;50566;50573;50584;50594	0.948718
HG00735	2	chr19_KI270921v1_alt	KIR2DS2.0010113	KIR2DS2.007	NA	NA	39	37	40402;50745	5	50549;50566;50573;50584;50594	0.948718
HG00735	2	chr19_KI270921v1_alt	KIR2DS2.0010113	KIR2DS2.008	NA	NA	39	37	42283;50745	5	50549;50566;50573;50584;50594	0.948718
HG00735	2	chr19_KI270921v1_alt	KIR2DS2.0010113	KIR2DS2.0090101	NA	NA	39	37	40420;50745	5	50549;50566;50573;50584;50594	0.948718
HG00735	2	chr19_KI270921v1_alt	KIR2DS2.0010113	KIR2DS2.010	NA	NA	39	37	42440;50745	5	50549;50566;50573;50584;50594	0.948718
HG00735	2	chr19_KI270921v1_alt	KIR2DS2.0010113	KIR2DS2.018	NA	NA	39	37	42314;50745	5	50549;50566;50573;50584;50594	0.948718
HG00735	2	chr19_KI270921v1_alt	KIR2DS2.0010113	KIR2DS2.0200101	NA	NA	39	37	49987;50745	5	50549;50566;50573;50584;50594	0.948718
HG00735	2	chr19_KI270921v1_alt	KIR2DS2.0010113	KIR2DS2.0210101	NA	NA	39	37	50061;50745	5	50549;50566;50573;50584;50594	0.948718
HG00735	2	chr19_KI270921v1_alt	KIR2DS2.0010113	KIR2DS2.022	NA	NA	39	37	37109;50745	5	50549;50566;50573;50584;50594	0.948718
HG00735	2	chr19_KI270921v1_alt	KIR2DS2.0010115	KIR2DS2.0010125	NA	NA	39	37	50786;50811	5	50549;50566;50573;50584;50594	0.948718
HG00735	2	chr19_KI270921v1_alt	KIR2DS2.0010115	KIR2DS2.0010128	NA	NA	39	37	50786;50843	5	50549;50566;50573;50584;50594	0.948718
HG00735	2	chr19_KI270921v1_alt	KIR2DS2.0010115	KIR2DS2.00102	NA	NA	39	37	49994;50786	5	50549;50566;50573;50584;50594	0.948718
HG00735	2	chr19_KI270921v1_alt	KIR2DS2.0010115	KIR2DS2.00103	NA	NA	39	37	42330;50786	5	50549;50566;50573;50584;50594	0.948718
HG00735	2	chr19_KI270921v1_alt	KIR2DS2.0010115	KIR2DS2.00104	NA	NA	39	37	42247;50786	5	50549;50566;50573;50584;50594	0.948718
HG00735	2	chr19_KI270921v1_alt	KIR2DS2.0010115	KIR2DS2.00105	NA	NA	39	37	49994;50786	5	50549;50566;50573;50584;50594	0.948718
HG00735	2	chr19_KI270921v1_alt	KIR2DS2.0010115	KIR2DS2.00106	NA	NA	39	37	40557;50786	5	50549;50566;50573;50584;50594	0.948718
HG00735	2	chr19_KI270921v1_alt	KIR2DS2.0010115	KIR2DS2.0010701	NA	NA	39	37	40500;50786	5	50549;50566;50573;50584;50594	0.948718
HG00735	2	chr19_KI270921v1_alt	KIR2DS2.0010115	KIR2DS2.002	NA	NA	39	37	37933;50786	5	50549;50566;50573;50584;50594	0.948718
HG00735	2	chr19_KI270921v1_alt	KIR2DS2.0010115	KIR2DS2.00602	NA	NA	39	37	50073;50786	5	50549;50566;50573;50584;50594	0.948718
HG00735	2	chr19_KI270921v1_alt	KIR2DS2.0010115	KIR2DS2.007	NA	NA	39	37	40402;50786	5	50549;50566;50573;50584;50594	0.948718
HG00735	2	chr19_KI270921v1_alt	KIR2DS2.0010115	KIR2DS2.008	NA	NA	39	37	42283;50786	5	50549;50566;50573;50584;50594	0.948718
HG00735	2	chr19_KI270921v1_alt	KIR2DS2.0010115	KIR2DS2.0090101	NA	NA	39	37	40420;50786	5	50549;50566;50573;50584;50594	0.948718
HG00735	2	chr19_KI270921v1_alt	KIR2DS2.0010115	KIR2DS2.010	NA	NA	39	37	42440;50786	5	50549;50566;50573;50584;50594	0.948718
HG00735	2	chr19_KI270921v1_alt	KIR2DS2.0010115	KIR2DS2.018	NA	NA	39	37	42314;50786	5	50549;50566;50573;50584;50594	0.948718
HG00735	2	chr19_KI270921v1_alt	KIR2DS2.0010115	KIR2DS2.0200101	NA	NA	39	37	49987;50786	5	50549;50566;50573;50584;50594	0.948718
HG00735	2	chr19_KI270921v1_alt	KIR2DS2.0010115	KIR2DS2.0210101	NA	NA	39	37	50061;50786	5	50549;50566;50573;50584;50594	0.948718
HG00735	2	chr19_KI270921v1_alt	KIR2DS2.0010115	KIR2DS2.022	NA	NA	39	37	37109;50786	5	50549;50566;50573;50584;50594	0.948718
HG00735	2	chr19_KI270921v1_alt	KIR2DS2.0010117	KIR2DS2.0010125	NA	NA	39	37	50786;50811	5	50549;50566;50573;50584;50594	0.948718
HG00735	2	chr19_KI270921v1_alt	KIR2DS2.0010117	KIR2DS2.0010128	NA	NA	39	37	50786;50843	5	50549;50566;50573;50584;50594	0.948718
HG00735	2	chr19_KI270921v1_alt	KIR2DS2.0010117	KIR2DS2.00102	NA	NA	39	37	49994;50786	5	50549;50566;50573;50584;50594	0.948718
HG00735	2	chr19_KI270921v1_alt	KIR2DS2.0010117	KIR2DS2.00103	NA	NA	39	37	42330;50786	5	50549;50566;50573;50584;50594	0.948718
HG00735	2	chr19_KI270921v1_alt	KIR2DS2.0010117	KIR2DS2.00104	NA	NA	39	37	42247;50786	5	50549;50566;50573;50584;50594	0.948718
HG00735	2	chr19_KI270921v1_alt	KIR2DS2.0010117	KIR2DS2.00105	NA	NA	39	37	49994;50786	5	50549;50566;50573;50584;50594	0.948718
HG00735	2	chr19_KI270921v1_alt	KIR2DS2.0010117	KIR2DS2.00106	NA	NA	39	37	40557;50786	5	50549;50566;50573;50584;50594	0.948718
HG00735	2	chr19_KI270921v1_alt	KIR2DS2.0010117	KIR2DS2.0010701	NA	NA	39	37	40500;50786	5	50549;50566;50573;50584;50594	0.948718
HG00735	2	chr19_KI270921v1_alt	KIR2DS2.0010117	KIR2DS2.002	NA	NA	39	37	37933;50786	5	50549;50566;50573;50584;50594	0.948718
HG00735	2	chr19_KI270921v1_alt	KIR2DS2.0010117	KIR2DS2.00602	NA	NA	39	37	50073;50786	5	50549;50566;50573;50584;50594	0.948718
HG00735	2	chr19_KI270921v1_alt	KIR2DS2.0010117	KIR2DS2.007	NA	NA	39	37	40402;50786	5	50549;50566;50573;50584;50594	0.948718
HG00735	2	chr19_KI270921v1_alt	KIR2DS2.0010117	KIR2DS2.008	NA	NA	39	37	42283;50786	5	50549;50566;50573;50584;50594	0.948718
HG00735	2	chr19_KI270921v1_alt	KIR2DS2.0010117	KIR2DS2.0090101	NA	NA	39	37	40420;50786	5	50549;50566;50573;50584;50594	0.948718
HG00735	2	chr19_KI270921v1_alt	KIR2DS2.0010117	KIR2DS2.010	NA	NA	39	37	42440;50786	5	50549;50566;50573;50584;50594	0.948718
HG00735	2	chr19_KI270921v1_alt	KIR2DS2.0010117	KIR2DS2.018	NA	NA	39	37	42314;50786	5	50549;50566;50573;50584;50594	0.948718
HG00735	2	chr19_KI270921v1_alt	KIR2DS2.0010117	KIR2DS2.0200101	NA	NA	39	37	49987;50786	5	50549;50566;50573;50584;50594	0.948718
HG00735	2	chr19_KI270921v1_alt	KIR2DS2.0010117	KIR2DS2.0210101	NA	NA	39	37	50061;50786	5	50549;50566;50573;50584;50594	0.948718
HG00735	2	chr19_KI270921v1_alt	KIR2DS2.0010117	KIR2DS2.022	NA	NA	39	37	37109;50786	5	50549;50566;50573;50584;50594	0.948718
HG00735	2	chr19_KI270921v1_alt	KIR2DS2.0010125	KIR2DS2.0010128	NA	NA	39	37	50811;50843	5	50549;50566;50573;50584;50594	0.948718
HG00735	2	chr19_KI270921v1_alt	KIR2DS2.0010125	KIR2DS2.00102	NA	NA	39	37	49994;50811	5	50549;50566;50573;50584;50594	0.948718
HG00735	2	chr19_KI270921v1_alt	KIR2DS2.0010125	KIR2DS2.00103	NA	NA	39	37	42330;50811	5	50549;50566;50573;50584;50594	0.948718
HG00735	2	chr19_KI270921v1_alt	KIR2DS2.0010125	KIR2DS2.00104	NA	NA	39	37	42247;50811	5	50549;50566;50573;50584;50594	0.948718
HG00735	2	chr19_KI270921v1_alt	KIR2DS2.0010125	KIR2DS2.00105	NA	NA	39	37	49994;50811	5	50549;50566;50573;50584;50594	0.948718
HG00735	2	chr19_KI270921v1_alt	KIR2DS2.0010125	KIR2DS2.00106	NA	NA	39	37	40557;50811	5	50549;50566;50573;50584;50594	0.948718
HG00735	2	chr19_KI270921v1_alt	KIR2DS2.0010125	KIR2DS2.0010701	NA	NA	39	37	40500;50811	5	50549;50566;50573;50584;50594	0.948718
HG00735	2	chr19_KI270921v1_alt	KIR2DS2.0010125	KIR2DS2.002	NA	NA	39	37	37933;50811	5	50549;50566;50573;50584;50594	0.948718
HG00735	2	chr19_KI270921v1_alt	KIR2DS2.0010125	KIR2DS2.00602	NA	NA	39	37	50073;50811	5	50549;50566;50573;50584;50594	0.948718
HG00735	2	chr19_KI270921v1_alt	KIR2DS2.0010125	KIR2DS2.007	NA	NA	39	37	40402;50811	5	50549;50566;50573;50584;50594	0.948718
HG00735	2	chr19_KI270921v1_alt	KIR2DS2.0010125	KIR2DS2.008	NA	NA	39	37	42283;50811	5	50549;50566;50573;50584;50594	0.948718
HG00735	2	chr19_KI270921v1_alt	KIR2DS2.0010125	KIR2DS2.0090101	NA	NA	39	37	40420;50811	5	50549;50566;50573;50584;50594	0.948718
HG00735	2	chr19_KI270921v1_alt	KIR2DS2.0010125	KIR2DS2.010	NA	NA	39	37	42440;50811	5	50549;50566;50573;50584;50594	0.948718
HG00735	2	chr19_KI270921v1_alt	KIR2DS2.0010125	KIR2DS2.018	NA	NA	39	37	42314;50811	5	50549;50566;50573;50584;50594	0.948718
HG00735	2	chr19_KI270921v1_alt	KIR2DS2.0010125	KIR2DS2.0200101	NA	NA	39	37	49987;50811	5	50549;50566;50573;50584;50594	0.948718
HG00735	2	chr19_KI270921v1_alt	KIR2DS2.0010125	KIR2DS2.0210101	NA	NA	39	37	50061;50811	5	50549;50566;50573;50584;50594	0.948718
HG00735	2	chr19_KI270921v1_alt	KIR2DS2.0010125	KIR2DS2.022	NA	NA	39	37	37109;50811	5	50549;50566;50573;50584;50594	0.948718
HG00735	2	chr19_KI270921v1_alt	KIR2DS2.0010128	KIR2DS2.00102	NA	NA	39	37	49994;50843	5	50549;50566;50573;50584;50594	0.948718
HG00735	2	chr19_KI270921v1_alt	KIR2DS2.0010128	KIR2DS2.00103	NA	NA	39	37	42330;50843	5	50549;50566;50573;50584;50594	0.948718
HG00735	2	chr19_KI270921v1_alt	KIR2DS2.0010128	KIR2DS2.00104	NA	NA	39	37	42247;50843	5	50549;50566;50573;50584;50594	0.948718
HG00735	2	chr19_KI270921v1_alt	KIR2DS2.0010128	KIR2DS2.00105	NA	NA	39	37	49994;50843	5	50549;50566;50573;50584;50594	0.948718
HG00735	2	chr19_KI270921v1_alt	KIR2DS2.0010128	KIR2DS2.00106	NA	NA	39	37	40557;50843	5	50549;50566;50573;50584;50594	0.948718
HG00735	2	chr19_KI270921v1_alt	KIR2DS2.0010128	KIR2DS2.0010701	NA	NA	39	37	40500;50843	5	50549;50566;50573;50584;50594	0.948718
HG00735	2	chr19_KI270921v1_alt	KIR2DS2.0010128	KIR2DS2.002	NA	NA	39	37	37933;50843	5	50549;50566;50573;50584;50594	0.948718
HG00735	2	chr19_KI270921v1_alt	KIR2DS2.0010128	KIR2DS2.00602	NA	NA	39	37	50073;50843	5	50549;50566;50573;50584;50594	0.948718
HG00735	2	chr19_KI270921v1_alt	KIR2DS2.0010128	KIR2DS2.007	NA	NA	39	37	40402;50843	5	50549;50566;50573;50584;50594	0.948718
HG00735	2	chr19_KI270921v1_alt	KIR2DS2.0010128	KIR2DS2.008	NA	NA	39	37	42283;50843	5	50549;50566;50573;50584;50594	0.948718
HG00735	2	chr19_KI270921v1_alt	KIR2DS2.0010128	KIR2DS2.0090101	NA	NA	39	37	40420;50843	5	50549;50566;50573;50584;50594	0.948718
HG00735	2	chr19_KI270921v1_alt	KIR2DS2.0010128	KIR2DS2.010	NA	NA	39	37	42440;50843	5	50549;50566;50573;50584;50594	0.948718
HG00735	2	chr19_KI270921v1_alt	KIR2DS2.0010128	KIR2DS2.018	NA	NA	39	37	42314;50843	5	50549;50566;50573;50584;50594	0.948718
HG00735	2	chr19_KI270921v1_alt	KIR2DS2.0010128	KIR2DS2.0200101	NA	NA	39	37	49987;50843	5	50549;50566;50573;50584;50594	0.948718
HG00735	2	chr19_KI270921v1_alt	KIR2DS2.0010128	KIR2DS2.0210101	NA	NA	39	37	50061;50843	5	50549;50566;50573;50584;50594	0.948718
HG00735	2	chr19_KI270921v1_alt	KIR2DS2.0010128	KIR2DS2.022	NA	NA	39	37	37109;50843	5	50549;50566;50573;50584;50594	0.948718
HG00735	2	chr19_KI270921v1_alt	KIR2DS2.00102	KIR2DS2.00103	NA	NA	33	31	42330;49994	5	50549;50566;50573;50584;50594	0.939394
HG00735	2	chr19_KI270921v1_alt	KIR2DS2.00102	KIR2DS2.00104	NA	NA	33	31	42247;49994	5	50549;50566;50573;50584;50594	0.939394
HG00735	2	chr19_KI270921v1_alt	KIR2DS2.00102	KIR2DS2.00106	NA	NA	39	37	40557;49994	5	50549;50566;50573;50584;50594	0.948718
HG00735	2	chr19_KI270921v1_alt	KIR2DS2.00102	KIR2DS2.0010701	NA	NA	39	37	40500;49994	5	50549;50566;50573;50584;50594	0.948718
HG00735	2	chr19_KI270921v1_alt	KIR2DS2.00102	KIR2DS2.002	NA	NA	33	31	37933;49994	5	50549;50566;50573;50584;50594	0.939394
HG00735	2	chr19_KI270921v1_alt	KIR2DS2.00102	KIR2DS2.00602	NA	NA	39	37	49994;50073	5	50549;50566;50573;50584;50594	0.948718
HG00735	2	chr19_KI270921v1_alt	KIR2DS2.00102	KIR2DS2.007	NA	NA	33	31	40402;49994	5	50549;50566;50573;50584;50594	0.939394
HG00735	2	chr19_KI270921v1_alt	KIR2DS2.00102	KIR2DS2.008	NA	NA	33	31	42283;49994	5	50549;50566;50573;50584;50594	0.939394
HG00735	2	chr19_KI270921v1_alt	KIR2DS2.00102	KIR2DS2.0090101	NA	NA	39	37	40420;49994	5	50549;50566;50573;50584;50594	0.948718
HG00735	2	chr19_KI270921v1_alt	KIR2DS2.00102	KIR2DS2.010	NA	NA	39	37	42440;49994	5	50549;50566;50573;50584;50594	0.948718
HG00735	2	chr19_KI270921v1_alt	KIR2DS2.00102	KIR2DS2.018	NA	NA	39	37	42314;49994	5	50549;50566;50573;50584;50594	0.948718
HG00735	2	chr19_KI270921v1_alt	KIR2DS2.00102	KIR2DS2.0200101	NA	NA	39	37	49987;49994	5	50549;50566;50573;50584;50594	0.948718
HG00735	2	chr19_KI270921v1_alt	KIR2DS2.00102	KIR2DS2.0210101	NA	NA	39	37	49994;50061	5	50549;50566;50573;50584;50594	0.948718
HG00735	2	chr19_KI270921v1_alt	KIR2DS2.00102	KIR2DS2.022	NA	NA	33	31	37109;49994	5	50549;50566;50573;50584;50594	0.939394
HG00735	2	chr19_KI270921v1_alt	KIR2DS2.00103	KIR2DS2.00104	NA	NA	33	31	42247;42330	5	50549;50566;50573;50584;50594	0.939394
HG00735	2	chr19_KI270921v1_alt	KIR2DS2.00103	KIR2DS2.00105	NA	NA	33	31	42330;49994	5	50549;50566;50573;50584;50594	0.939394
HG00735	2	chr19_KI270921v1_alt	KIR2DS2.00103	KIR2DS2.00106	NA	NA	39	37	40557;42330	5	50549;50566;50573;50584;50594	0.948718
HG00735	2	chr19_KI270921v1_alt	KIR2DS2.00103	KIR2DS2.0010701	NA	NA	39	37	40500;42330	5	50549;50566;50573;50584;50594	0.948718
HG00735	2	chr19_KI270921v1_alt	KIR2DS2.00103	KIR2DS2.002	NA	NA	33	31	37933;42330	5	50549;50566;50573;50584;50594	0.939394
HG00735	2	chr19_KI270921v1_alt	KIR2DS2.00103	KIR2DS2.00602	NA	NA	39	37	42330;50073	5	50549;50566;50573;50584;50594	0.948718
HG00735	2	chr19_KI270921v1_alt	KIR2DS2.00103	KIR2DS2.007	NA	NA	32	30	40402;42330	5	50549;50566;50573;50584;50594	0.937500
HG00735	2	chr19_KI270921v1_alt	KIR2DS2.00103	KIR2DS2.008	NA	NA	32	30	42283;42330	5	50549;50566;50573;50584;50594	0.937500
HG00735	2	chr19_KI270921v1_alt	KIR2DS2.00103	KIR2DS2.0090101	NA	NA	39	37	40420;42330	5	50549;50566;50573;50584;50594	0.948718
HG00735	2	chr19_KI270921v1_alt	KIR2DS2.00103	KIR2DS2.010	NA	NA	39	37	42330;42440	5	50549;50566;50573;50584;50594	0.948718
HG00735	2	chr19_KI270921v1_alt	KIR2DS2.00103	KIR2DS2.018	NA	NA	39	37	42314;42330	5	50549;50566;50573;50584;50594	0.948718
HG00735	2	chr19_KI270921v1_alt	KIR2DS2.00103	KIR2DS2.0200101	NA	NA	39	37	42330;49987	5	50549;50566;50573;50584;50594	0.948718
HG00735	2	chr19_KI270921v1_alt	KIR2DS2.00103	KIR2DS2.0210101	NA	NA	39	37	42330;50061	5	50549;50566;50573;50584;50594	0.948718
HG00735	2	chr19_KI270921v1_alt	KIR2DS2.00103	KIR2DS2.022	NA	NA	33	31	37109;42330	5	50549;50566;50573;50584;50594	0.939394
HG00735	2	chr19_KI270921v1_alt	KIR2DS2.00104	KIR2DS2.00105	NA	NA	33	31	42247;49994	5	50549;50566;50573;50584;50594	0.939394
HG00735	2	chr19_KI270921v1_alt	KIR2DS2.00104	KIR2DS2.00106	NA	NA	39	37	40557;42247	5	50549;50566;50573;50584;50594	0.948718
HG00735	2	chr19_KI270921v1_alt	KIR2DS2.00104	KIR2DS2.0010701	NA	NA	39	37	40500;42247	5	50549;50566;50573;50584;50594	0.948718
HG00735	2	chr19_KI270921v1_alt	KIR2DS2.00104	KIR2DS2.002	NA	NA	33	31	37933;42247	5	50549;50566;50573;50584;50594	0.939394
HG00735	2	chr19_KI270921v1_alt	KIR2DS2.00104	KIR2DS2.00602	NA	NA	39	37	42247;50073	5	50549;50566;50573;50584;50594	0.948718
HG00735	2	chr19_KI270921v1_alt	KIR2DS2.00104	KIR2DS2.007	NA	NA	33	31	40402;42247	5	50549;50566;50573;50584;50594	0.939394
HG00735	2	chr19_KI270921v1_alt	KIR2DS2.00104	KIR2DS2.008	NA	NA	33	31	42247;42283	5	50549;50566;50573;50584;50594	0.939394
HG00735	2	chr19_KI270921v1_alt	KIR2DS2.00104	KIR2DS2.0090101	NA	NA	39	37	40420;42247	5	50549;50566;50573;50584;50594	0.948718
HG00735	2	chr19_KI270921v1_alt	KIR2DS2.00104	KIR2DS2.010	NA	NA	39	37	42247;42440	5	50549;50566;50573;50584;50594	0.948718
HG00735	2	chr19_KI270921v1_alt	KIR2DS2.00104	KIR2DS2.018	NA	NA	39	37	42247;42314	5	50549;50566;50573;50584;50594	0.948718
HG00735	2	chr19_KI270921v1_alt	KIR2DS2.00104	KIR2DS2.0200101	NA	NA	39	37	42247;49987	5	50549;50566;50573;50584;50594	0.948718
HG00735	2	chr19_KI270921v1_alt	KIR2DS2.00104	KIR2DS2.0210101	NA	NA	39	37	42247;50061	5	50549;50566;50573;50584;50594	0.948718
HG00735	2	chr19_KI270921v1_alt	KIR2DS2.00104	KIR2DS2.022	NA	NA	33	31	37109;42247	5	50549;50566;50573;50584;50594	0.939394
HG00735	2	chr19_KI270921v1_alt	KIR2DS2.00105	KIR2DS2.00106	NA	NA	39	37	40557;49994	5	50549;50566;50573;50584;50594	0.948718
HG00735	2	chr19_KI270921v1_alt	KIR2DS2.00105	KIR2DS2.0010701	NA	NA	39	37	40500;49994	5	50549;50566;50573;50584;50594	0.948718
HG00735	2	chr19_KI270921v1_alt	KIR2DS2.00105	KIR2DS2.002	NA	NA	33	31	37933;49994	5	50549;50566;50573;50584;50594	0.939394
HG00735	2	chr19_KI270921v1_alt	KIR2DS2.00105	KIR2DS2.00602	NA	NA	39	37	49994;50073	5	50549;50566;50573;50584;50594	0.948718
HG00735	2	chr19_KI270921v1_alt	KIR2DS2.00105	KIR2DS2.007	NA	NA	33	31	40402;49994	5	50549;50566;50573;50584;50594	0.939394
HG00735	2	chr19_KI270921v1_alt	KIR2DS2.00105	KIR2DS2.008	NA	NA	33	31	42283;49994	5	50549;50566;50573;50584;50594	0.939394
HG00735	2	chr19_KI270921v1_alt	KIR2DS2.00105	KIR2DS2.0090101	NA	NA	39	37	40420;49994	5	50549;50566;50573;50584;50594	0.948718
HG00735	2	chr19_KI270921v1_alt	KIR2DS2.00105	KIR2DS2.010	NA	NA	39	37	42440;49994	5	50549;50566;50573;50584;50594	0.948718
HG00735	2	chr19_KI270921v1_alt	KIR2DS2.00105	KIR2DS2.018	NA	NA	39	37	42314;49994	5	50549;50566;50573;50584;50594	0.948718
HG00735	2	chr19_KI270921v1_alt	KIR2DS2.00105	KIR2DS2.0200101	NA	NA	39	37	49987;49994	5	50549;50566;50573;50584;50594	0.948718
HG00735	2	chr19_KI270921v1_alt	KIR2DS2.00105	KIR2DS2.0210101	NA	NA	39	37	49994;50061	5	50549;50566;50573;50584;50594	0.948718
HG00735	2	chr19_KI270921v1_alt	KIR2DS2.00105	KIR2DS2.022	NA	NA	33	31	37109;49994	5	50549;50566;50573;50584;50594	0.939394
HG00735	2	chr19_KI270921v1_alt	KIR2DS2.00106	KIR2DS2.0010701	NA	NA	39	37	40500;40557	5	50549;50566;50573;50584;50594	0.948718
HG00735	2	chr19_KI270921v1_alt	KIR2DS2.00106	KIR2DS2.002	NA	NA	39	37	37933;40557	5	50549;50566;50573;50584;50594	0.948718
HG00735	2	chr19_KI270921v1_alt	KIR2DS2.00106	KIR2DS2.00602	NA	NA	39	37	40557;50073	5	50549;50566;50573;50584;50594	0.948718
HG00735	2	chr19_KI270921v1_alt	KIR2DS2.00106	KIR2DS2.007	NA	NA	39	37	40402;40557	5	50549;50566;50573;50584;50594	0.948718
HG00735	2	chr19_KI270921v1_alt	KIR2DS2.00106	KIR2DS2.008	NA	NA	39	37	40557;42283	5	50549;50566;50573;50584;50594	0.948718
HG00735	2	chr19_KI270921v1_alt	KIR2DS2.00106	KIR2DS2.0090101	NA	NA	39	37	40420;40557	5	50549;50566;50573;50584;50594	0.948718
HG00735	2	chr19_KI270921v1_alt	KIR2DS2.00106	KIR2DS2.010	NA	NA	39	37	40557;42440	5	50549;50566;50573;50584;50594	0.948718
HG00735	2	chr19_KI270921v1_alt	KIR2DS2.00106	KIR2DS2.018	NA	NA	39	37	40557;42314	5	50549;50566;50573;50584;50594	0.948718
HG00735	2	chr19_KI270921v1_alt	KIR2DS2.00106	KIR2DS2.0200101	NA	NA	39	37	40557;49987	5	50549;50566;50573;50584;50594	0.948718
HG00735	2	chr19_KI270921v1_alt	KIR2DS2.00106	KIR2DS2.0210101	NA	NA	39	37	40557;50061	5	50549;50566;50573;50584;50594	0.948718
HG00735	2	chr19_KI270921v1_alt	KIR2DS2.00106	KIR2DS2.022	NA	NA	39	37	37109;40557	5	50549;50566;50573;50584;50594	0.948718
HG00735	2	chr19_KI270921v1_alt	KIR2DS2.0010701	KIR2DS2.002	NA	NA	39	37	37933;40500	5	50549;50566;50573;50584;50594	0.948718
HG00735	2	chr19_KI270921v1_alt	KIR2DS2.0010701	KIR2DS2.00602	NA	NA	39	37	40500;50073	5	50549;50566;50573;50584;50594	0.948718
HG00735	2	chr19_KI270921v1_alt	KIR2DS2.0010701	KIR2DS2.007	NA	NA	39	37	40402;40500	5	50549;50566;50573;50584;50594	0.948718
HG00735	2	chr19_KI270921v1_alt	KIR2DS2.0010701	KIR2DS2.008	NA	NA	39	37	40500;42283	5	50549;50566;50573;50584;50594	0.948718
HG00735	2	chr19_KI270921v1_alt	KIR2DS2.0010701	KIR2DS2.0090101	NA	NA	39	37	40420;40500	5	50549;50566;50573;50584;50594	0.948718
HG00735	2	chr19_KI270921v1_alt	KIR2DS2.0010701	KIR2DS2.010	NA	NA	39	37	40500;42440	5	50549;50566;50573;50584;50594	0.948718
HG00735	2	chr19_KI270921v1_alt	KIR2DS2.0010701	KIR2DS2.018	NA	NA	39	37	40500;42314	5	50549;50566;50573;50584;50594	0.948718
HG00735	2	chr19_KI270921v1_alt	KIR2DS2.0010701	KIR2DS2.0200101	NA	NA	39	37	40500;49987	5	50549;50566;50573;50584;50594	0.948718
HG00735	2	chr19_KI270921v1_alt	KIR2DS2.0010701	KIR2DS2.0210101	NA	NA	39	37	40500;50061	5	50549;50566;50573;50584;50594	0.948718
HG00735	2	chr19_KI270921v1_alt	KIR2DS2.0010701	KIR2DS2.022	NA	NA	39	37	37109;40500	5	50549;50566;50573;50584;50594	0.948718
HG00735	2	chr19_KI270921v1_alt	KIR2DS2.002	KIR2DS2.00602	NA	NA	39	37	37933;50073	5	50549;50566;50573;50584;50594	0.948718
HG00735	2	chr19_KI270921v1_alt	KIR2DS2.002	KIR2DS2.007	NA	NA	33	31	37933;40402	5	50549;50566;50573;50584;50594	0.939394
HG00735	2	chr19_KI270921v1_alt	KIR2DS2.002	KIR2DS2.008	NA	NA	33	31	37933;42283	5	50549;50566;50573;50584;50594	0.939394
HG00735	2	chr19_KI270921v1_alt	KIR2DS2.002	KIR2DS2.0090101	NA	NA	39	37	37933;40420	5	50549;50566;50573;50584;50594	0.948718
HG00735	2	chr19_KI270921v1_alt	KIR2DS2.002	KIR2DS2.010	NA	NA	39	37	37933;42440	5	50549;50566;50573;50584;50594	0.948718
HG00735	2	chr19_KI270921v1_alt	KIR2DS2.002	KIR2DS2.018	NA	NA	39	37	37933;42314	5	50549;50566;50573;50584;50594	0.948718
HG00735	2	chr19_KI270921v1_alt	KIR2DS2.002	KIR2DS2.0200101	NA	NA	39	37	37933;49987	5	50549;50566;50573;50584;50594	0.948718
HG00735	2	chr19_KI270921v1_alt	KIR2DS2.002	KIR2DS2.0210101	NA	NA	39	37	37933;50061	5	50549;50566;50573;50584;50594	0.948718
HG00735	2	chr19_KI270921v1_alt	KIR2DS2.002	KIR2DS2.022	NA	NA	33	31	37109;37933	5	50549;50566;50573;50584;50594	0.939394
HG00735	2	chr19_KI270921v1_alt	KIR2DS2.00602	KIR2DS2.007	NA	NA	39	37	40402;50073	5	50549;50566;50573;50584;50594	0.948718
HG00735	2	chr19_KI270921v1_alt	KIR2DS2.00602	KIR2DS2.008	NA	NA	39	37	42283;50073	5	50549;50566;50573;50584;50594	0.948718
HG00735	2	chr19_KI270921v1_alt	KIR2DS2.00602	KIR2DS2.0090101	NA	NA	39	37	40420;50073	5	50549;50566;50573;50584;50594	0.948718
HG00735	2	chr19_KI270921v1_alt	KIR2DS2.00602	KIR2DS2.010	NA	NA	39	37	42440;50073	5	50549;50566;50573;50584;50594	0.948718
HG00735	2	chr19_KI270921v1_alt	KIR2DS2.00602	KIR2DS2.018	NA	NA	39	37	42314;50073	5	50549;50566;50573;50584;50594	0.948718
HG00735	2	chr19_KI270921v1_alt	KIR2DS2.00602	KIR2DS2.0200101	NA	NA	39	37	49987;50073	5	50549;50566;50573;50584;50594	0.948718
HG00735	2	chr19_KI270921v1_alt	KIR2DS2.00602	KIR2DS2.0210101	NA	NA	39	37	50061;50073	5	50549;50566;50573;50584;50594	0.948718
HG00735	2	chr19_KI270921v1_alt	KIR2DS2.00602	KIR2DS2.022	NA	NA	39	37	37109;50073	5	50549;50566;50573;50584;50594	0.948718
HG00735	2	chr19_KI270921v1_alt	KIR2DS2.007	KIR2DS2.008	NA	NA	32	30	40402;42283	5	50549;50566;50573;50584;50594	0.937500
HG00735	2	chr19_KI270921v1_alt	KIR2DS2.007	KIR2DS2.0090101	NA	NA	39	37	40402;40420	5	50549;50566;50573;50584;50594	0.948718
HG00735	2	chr19_KI270921v1_alt	KIR2DS2.007	KIR2DS2.010	NA	NA	39	37	40402;42440	5	50549;50566;50573;50584;50594	0.948718
HG00735	2	chr19_KI270921v1_alt	KIR2DS2.007	KIR2DS2.018	NA	NA	39	37	40402;42314	5	50549;50566;50573;50584;50594	0.948718
HG00735	2	chr19_KI270921v1_alt	KIR2DS2.007	KIR2DS2.0200101	NA	NA	39	37	40402;49987	5	50549;50566;50573;50584;50594	0.948718
HG00735	2	chr19_KI270921v1_alt	KIR2DS2.007	KIR2DS2.0210101	NA	NA	39	37	40402;50061	5	50549;50566;50573;50584;50594	0.948718
HG00735	2	chr19_KI270921v1_alt	KIR2DS2.007	KIR2DS2.022	NA	NA	33	31	37109;40402	5	50549;50566;50573;50584;50594	0.939394
HG00735	2	chr19_KI270921v1_alt	KIR2DS2.008	KIR2DS2.0090101	NA	NA	39	37	40420;42283	5	50549;50566;50573;50584;50594	0.948718
HG00735	2	chr19_KI270921v1_alt	KIR2DS2.008	KIR2DS2.010	NA	NA	39	37	42283;42440	5	50549;50566;50573;50584;50594	0.948718
HG00735	2	chr19_KI270921v1_alt	KIR2DS2.008	KIR2DS2.018	NA	NA	39	37	42283;42314	5	50549;50566;50573;50584;50594	0.948718
HG00735	2	chr19_KI270921v1_alt	KIR2DS2.008	KIR2DS2.0200101	NA	NA	39	37	42283;49987	5	50549;50566;50573;50584;50594	0.948718
HG00735	2	chr19_KI270921v1_alt	KIR2DS2.008	KIR2DS2.0210101	NA	NA	39	37	42283;50061	5	50549;50566;50573;50584;50594	0.948718
HG00735	2	chr19_KI270921v1_alt	KIR2DS2.008	KIR2DS2.022	NA	NA	33	31	37109;42283	5	50549;50566;50573;50584;50594	0.939394
HG00735	2	chr19_KI270921v1_alt	KIR2DS2.0090101	KIR2DS2.010	NA	NA	39	37	40420;42440	5	50549;50566;50573;50584;50594	0.948718
HG00735	2	chr19_KI270921v1_alt	KIR2DS2.0090101	KIR2DS2.018	NA	NA	39	37	40420;42314	5	50549;50566;50573;50584;50594	0.948718
HG00735	2	chr19_KI270921v1_alt	KIR2DS2.0090101	KIR2DS2.0200101	NA	NA	39	37	40420;49987	5	50549;50566;50573;50584;50594	0.948718
HG00735	2	chr19_KI270921v1_alt	KIR2DS2.0090101	KIR2DS2.0210101	NA	NA	39	37	40420;50061	5	50549;50566;50573;50584;50594	0.948718
HG00735	2	chr19_KI270921v1_alt	KIR2DS2.0090101	KIR2DS2.022	NA	NA	39	37	37109;40420	5	50549;50566;50573;50584;50594	0.948718
HG00735	2	chr19_KI270921v1_alt	KIR2DS2.010	KIR2DS2.018	NA	NA	39	37	42314;42440	5	50549;50566;50573;50584;50594	0.948718
HG00735	2	chr19_KI270921v1_alt	KIR2DS2.010	KIR2DS2.0200101	NA	NA	39	37	42440;49987	5	50549;50566;50573;50584;50594	0.948718
HG00735	2	chr19_KI270921v1_alt	KIR2DS2.010	KIR2DS2.0210101	NA	NA	39	37	42440;50061	5	50549;50566;50573;50584;50594	0.948718
HG00735	2	chr19_KI270921v1_alt	KIR2DS2.010	KIR2DS2.022	NA	NA	39	37	37109;42440	5	50549;50566;50573;50584;50594	0.948718
HG00735	2	chr19_KI270921v1_alt	KIR2DS2.018	KIR2DS2.0200101	NA	NA	39	37	42314;49987	5	50549;50566;50573;50584;50594	0.948718
HG00735	2	chr19_KI270921v1_alt	KIR2DS2.018	KIR2DS2.0210101	NA	NA	39	37	42314;50061	5	50549;50566;50573;50584;50594	0.948718
HG00735	2	chr19_KI270921v1_alt	KIR2DS2.018	KIR2DS2.022	NA	NA	39	37	37109;42314	5	50549;50566;50573;50584;50594	0.948718
HG00735	2	chr19_KI270921v1_alt	KIR2DS2.0200101	KIR2DS2.0210101	NA	NA	39	37	49987;50061	5	50549;50566;50573;50584;50594	0.948718
HG00735	2	chr19_KI270921v1_alt	KIR2DS2.0200101	KIR2DS2.022	NA	NA	39	37	37109;49987	5	50549;50566;50573;50584;50594	0.948718
HG00735	2	chr19_KI270921v1_alt	KIR2DS2.0210101	KIR2DS2.022	NA	NA	39	37	37109;50061	5	50549;50566;50573;50584;50594	0.948718
