Sample	Copy_number	Chr	Allele_A	Allele_B	Allele_C	Allele_D	Tested_genotypes	Valid_genotypes	Error_list	Missed_genotypes	Missed_list	Ratio
HG02257	2	chr19_KI270923v1_alt	KIR3DP1.0030401	KIR3DP1.00902	NA	NA	53	53	none	2	63061;63062	1.000000
HG02257	2	chr19_KI270923v1_alt	KIR3DP1.001	KIR3DP1.0030401	NA	NA	53	52	65619	2	63061;63062	0.981132
HG02257	2	chr19_KI270923v1_alt	KIR3DP1.001	KIR3DP1.00902	NA	NA	53	52	67674	2	63061;63062	0.981132
HG02257	2	chr19_KI270923v1_alt	KIR3DP1.0030201	KIR3DP1.00902	NA	NA	53	52	67674	2	63061;63062	0.981132
HG02257	2	chr19_KI270923v1_alt	KIR3DP1.0030210	KIR3DP1.00902	NA	NA	53	52	67674	2	63061;63062	0.981132
HG02257	2	chr19_KI270923v1_alt	KIR3DP1.0030401	KIR3DP1.0090101	NA	NA	53	52	65619	2	63061;63062	0.981132
HG02257	2	chr19_KI270923v1_alt	KIR3DP1.0090101	KIR3DP1.00902	NA	NA	53	52	67674	2	63061;63062	0.981132
HG02257	2	chr19_KI270923v1_alt	KIR3DP1.00902	KIR3DP1.024	NA	NA	53	52	67509	2	63061;63062	0.981132
HG02257	2	chr19_KI270923v1_alt	KIR3DP1.001	KIR3DP1.0030201	NA	NA	53	51	65619;67674	2	63061;63062	0.962264
HG02257	2	chr19_KI270923v1_alt	KIR3DP1.001	KIR3DP1.0030210	NA	NA	53	51	65619;67674	2	63061;63062	0.962264
HG02257	2	chr19_KI270923v1_alt	KIR3DP1.001	KIR3DP1.0090101	NA	NA	53	51	65619;67674	2	63061;63062	0.962264
HG02257	2	chr19_KI270923v1_alt	KIR3DP1.001	KIR3DP1.024	NA	NA	53	51	65619;67509	2	63061;63062	0.962264
HG02257	2	chr19_KI270923v1_alt	KIR3DP1.002	KIR3DP1.0030401	NA	NA	53	51	65619;67509	2	63061;63062	0.962264
HG02257	2	chr19_KI270923v1_alt	KIR3DP1.002	KIR3DP1.00902	NA	NA	53	51	67509;67674	2	63061;63062	0.962264
HG02257	2	chr19_KI270923v1_alt	KIR3DP1.002	KIR3DP1.024	NA	NA	53	51	65619;67509	2	63061;63062	0.962264
HG02257	2	chr19_KI270923v1_alt	KIR3DP1.0030101	KIR3DP1.00902	NA	NA	53	51	63869;67674	2	63061;63062	0.962264
HG02257	2	chr19_KI270923v1_alt	KIR3DP1.0030201	KIR3DP1.0030401	NA	NA	52	50	63062;65619	1	63062	0.961538
HG02257	2	chr19_KI270923v1_alt	KIR3DP1.0030201	KIR3DP1.0090101	NA	NA	53	51	65619;67674	2	63061;63062	0.962264
HG02257	2	chr19_KI270923v1_alt	KIR3DP1.0030210	KIR3DP1.0030401	NA	NA	52	50	63062;65619	1	63062	0.961538
HG02257	2	chr19_KI270923v1_alt	KIR3DP1.0030210	KIR3DP1.0090101	NA	NA	53	51	65619;67674	2	63061;63062	0.962264
HG02257	2	chr19_KI270923v1_alt	KIR3DP1.00303	KIR3DP1.00902	NA	NA	53	51	65730;67674	2	63061;63062	0.962264
HG02257	2	chr19_KI270923v1_alt	KIR3DP1.0030401	KIR3DP1.004	NA	NA	53	51	62263;65619	2	63061;63062	0.962264
HG02257	2	chr19_KI270923v1_alt	KIR3DP1.0030401	KIR3DP1.007	NA	NA	53	51	63954;65619	2	63061;63062	0.962264
HG02257	2	chr19_KI270923v1_alt	KIR3DP1.0030601	KIR3DP1.00902	NA	NA	53	51	67452;67674	2	63061;63062	0.962264
HG02257	2	chr19_KI270923v1_alt	KIR3DP1.00310	KIR3DP1.00902	NA	NA	53	51	65835;67674	2	63061;63062	0.962264
HG02257	2	chr19_KI270923v1_alt	KIR3DP1.00311	KIR3DP1.00902	NA	NA	53	51	67407;67674	2	63061;63062	0.962264
HG02257	2	chr19_KI270923v1_alt	KIR3DP1.00312	KIR3DP1.00902	NA	NA	53	51	67425;67674	2	63061;63062	0.962264
HG02257	2	chr19_KI270923v1_alt	KIR3DP1.004	KIR3DP1.00902	NA	NA	53	51	62263;67674	2	63061;63062	0.962264
HG02257	2	chr19_KI270923v1_alt	KIR3DP1.007	KIR3DP1.00902	NA	NA	53	51	63954;67674	2	63061;63062	0.962264
HG02257	2	chr19_KI270923v1_alt	KIR3DP1.008	KIR3DP1.00902	NA	NA	53	51	65731;67674	2	63061;63062	0.962264
HG02257	2	chr19_KI270923v1_alt	KIR3DP1.0090101	KIR3DP1.0090101	NA	NA	53	51	65619;67674	2	63061;63062	0.962264
HG02257	2	chr19_KI270923v1_alt	KIR3DP1.0090101	KIR3DP1.024	NA	NA	53	51	65619;67509	2	63061;63062	0.962264
HG02257	2	chr19_KI270923v1_alt	KIR3DP1.00902	KIR3DP1.00902	NA	NA	53	51	65619;67674	2	63061;63062	0.962264
HG02257	2	chr19_KI270923v1_alt	KIR3DP1.00902	KIR3DP1.013	NA	NA	53	51	67531;67674	2	63061;63062	0.962264
HG02257	2	chr19_KI270923v1_alt	KIR3DP1.00902	KIR3DP1.0140101	NA	NA	53	51	63849;67674	2	63061;63062	0.962264
HG02257	2	chr19_KI270923v1_alt	KIR3DP1.00902	KIR3DP1.0150101	NA	NA	53	51	65687;67674	2	63061;63062	0.962264
HG02257	2	chr19_KI270923v1_alt	KIR3DP1.00902	KIR3DP1.017	NA	NA	53	51	65797;67674	2	63061;63062	0.962264
HG02257	2	chr19_KI270923v1_alt	KIR3DP1.00902	KIR3DP1.025	NA	NA	53	51	64045;67674	2	63061;63062	0.962264
HG02257	2	chr19_KI270923v1_alt	KIR3DP1.00902	KIR3DP1.0280101	NA	NA	53	51	67426;67674	2	63061;63062	0.962264
HG02257	2	chr19_KI270923v1_alt	KIR3DP1.00902	KIR3DP1.0320101	NA	NA	53	51	67474;67674	2	63061;63062	0.962264
HG02257	2	chr19_KI270923v1_alt	KIR3DP1.00902	KIR3DP1.034	NA	NA	53	51	67498;67674	2	63061;63062	0.962264
HG02257	2	chr19_KI270923v1_alt	KIR3DP1.00902	KIR3DP1.037	NA	NA	53	51	63988;67674	2	63061;63062	0.962264
HG02257	2	chr19_KI270923v1_alt	KIR3DP1.00902	KIR3DP1.038	NA	NA	53	51	67531;67674	2	63061;63062	0.962264
HG02257	2	chr19_KI270923v1_alt	KIR3DP1.00902	KIR3DP1.044	NA	NA	53	51	65714;67674	2	63061;63062	0.962264
HG02257	2	chr19_KI270923v1_alt	KIR3DP1.00902	KIR3DP1.046	NA	NA	53	51	64095;67674	2	63061;63062	0.962264
HG02257	2	chr19_KI270923v1_alt	KIR3DP1.00902	KIR3DP1.049	NA	NA	53	51	65834;67674	2	63061;63062	0.962264
HG02257	2	chr19_KI270923v1_alt	KIR3DP1.001	KIR3DP1.001	NA	NA	53	50	63061;65619;67674	2	63061;63062	0.943396
HG02257	2	chr19_KI270923v1_alt	KIR3DP1.001	KIR3DP1.002	NA	NA	53	50	65619;67509;67674	2	63061;63062	0.943396
HG02257	2	chr19_KI270923v1_alt	KIR3DP1.001	KIR3DP1.0030101	NA	NA	53	50	63869;65619;67674	2	63061;63062	0.943396
HG02257	2	chr19_KI270923v1_alt	KIR3DP1.001	KIR3DP1.00303	NA	NA	53	50	65619;65730;67674	2	63061;63062	0.943396
HG02257	2	chr19_KI270923v1_alt	KIR3DP1.001	KIR3DP1.0030601	NA	NA	53	50	65619;67452;67674	2	63061;63062	0.943396
HG02257	2	chr19_KI270923v1_alt	KIR3DP1.001	KIR3DP1.00310	NA	NA	53	50	65619;65835;67674	2	63061;63062	0.943396
HG02257	2	chr19_KI270923v1_alt	KIR3DP1.001	KIR3DP1.00311	NA	NA	53	50	65619;67407;67674	2	63061;63062	0.943396
HG02257	2	chr19_KI270923v1_alt	KIR3DP1.001	KIR3DP1.00312	NA	NA	53	50	65619;67425;67674	2	63061;63062	0.943396
HG02257	2	chr19_KI270923v1_alt	KIR3DP1.001	KIR3DP1.007	NA	NA	53	50	63954;65619;67674	2	63061;63062	0.943396
HG02257	2	chr19_KI270923v1_alt	KIR3DP1.001	KIR3DP1.008	NA	NA	53	50	65619;65731;67674	2	63061;63062	0.943396
HG02257	2	chr19_KI270923v1_alt	KIR3DP1.001	KIR3DP1.013	NA	NA	53	50	65619;67531;67674	2	63061;63062	0.943396
HG02257	2	chr19_KI270923v1_alt	KIR3DP1.001	KIR3DP1.0140101	NA	NA	53	50	63849;65619;67674	2	63061;63062	0.943396
HG02257	2	chr19_KI270923v1_alt	KIR3DP1.001	KIR3DP1.0150101	NA	NA	53	50	65619;65687;67674	2	63061;63062	0.943396
HG02257	2	chr19_KI270923v1_alt	KIR3DP1.001	KIR3DP1.017	NA	NA	53	50	65619;65797;67674	2	63061;63062	0.943396
HG02257	2	chr19_KI270923v1_alt	KIR3DP1.001	KIR3DP1.025	NA	NA	53	50	64045;65619;67674	2	63061;63062	0.943396
HG02257	2	chr19_KI270923v1_alt	KIR3DP1.001	KIR3DP1.0280101	NA	NA	53	50	65619;67426;67674	2	63061;63062	0.943396
HG02257	2	chr19_KI270923v1_alt	KIR3DP1.001	KIR3DP1.0320101	NA	NA	53	50	65619;67474;67674	2	63061;63062	0.943396
HG02257	2	chr19_KI270923v1_alt	KIR3DP1.001	KIR3DP1.034	NA	NA	53	50	65619;67498;67674	2	63061;63062	0.943396
HG02257	2	chr19_KI270923v1_alt	KIR3DP1.001	KIR3DP1.037	NA	NA	53	50	63988;65619;67674	2	63061;63062	0.943396
HG02257	2	chr19_KI270923v1_alt	KIR3DP1.001	KIR3DP1.038	NA	NA	53	50	65619;67531;67674	2	63061;63062	0.943396
HG02257	2	chr19_KI270923v1_alt	KIR3DP1.001	KIR3DP1.044	NA	NA	53	50	65619;65714;67674	2	63061;63062	0.943396
HG02257	2	chr19_KI270923v1_alt	KIR3DP1.001	KIR3DP1.046	NA	NA	53	50	64095;65619;67674	2	63061;63062	0.943396
HG02257	2	chr19_KI270923v1_alt	KIR3DP1.001	KIR3DP1.049	NA	NA	53	50	65619;65834;67674	2	63061;63062	0.943396
HG02257	2	chr19_KI270923v1_alt	KIR3DP1.002	KIR3DP1.002	NA	NA	53	50	65619;67509;67674	2	63061;63062	0.943396
HG02257	2	chr19_KI270923v1_alt	KIR3DP1.002	KIR3DP1.0030201	NA	NA	53	50	65619;67509;67674	2	63061;63062	0.943396
HG02257	2	chr19_KI270923v1_alt	KIR3DP1.002	KIR3DP1.0030210	NA	NA	53	50	65619;67509;67674	2	63061;63062	0.943396
HG02257	2	chr19_KI270923v1_alt	KIR3DP1.002	KIR3DP1.0090101	NA	NA	53	50	65619;67509;67674	2	63061;63062	0.943396
HG02257	2	chr19_KI270923v1_alt	KIR3DP1.0030101	KIR3DP1.0030401	NA	NA	52	49	63062;63869;65619	1	63062	0.942308
HG02257	2	chr19_KI270923v1_alt	KIR3DP1.0030101	KIR3DP1.0090101	NA	NA	53	50	63869;65619;67674	2	63061;63062	0.943396
HG02257	2	chr19_KI270923v1_alt	KIR3DP1.0030201	KIR3DP1.0030201	NA	NA	52	49	63062;65619;67674	1	63062	0.942308
HG02257	2	chr19_KI270923v1_alt	KIR3DP1.0030201	KIR3DP1.0030210	NA	NA	52	49	63062;65619;67674	1	63062	0.942308
HG02257	2	chr19_KI270923v1_alt	KIR3DP1.0030201	KIR3DP1.004	NA	NA	53	50	62263;65619;67674	2	63061;63062	0.943396
HG02257	2	chr19_KI270923v1_alt	KIR3DP1.0030201	KIR3DP1.007	NA	NA	53	50	63954;65619;67674	2	63061;63062	0.943396
HG02257	2	chr19_KI270923v1_alt	KIR3DP1.0030201	KIR3DP1.024	NA	NA	52	49	63062;65619;67509	1	63062	0.942308
HG02257	2	chr19_KI270923v1_alt	KIR3DP1.0030210	KIR3DP1.0030210	NA	NA	52	49	63062;65619;67674	1	63062	0.942308
HG02257	2	chr19_KI270923v1_alt	KIR3DP1.0030210	KIR3DP1.004	NA	NA	53	50	62263;65619;67674	2	63061;63062	0.943396
HG02257	2	chr19_KI270923v1_alt	KIR3DP1.0030210	KIR3DP1.007	NA	NA	53	50	63954;65619;67674	2	63061;63062	0.943396
HG02257	2	chr19_KI270923v1_alt	KIR3DP1.0030210	KIR3DP1.024	NA	NA	52	49	63062;65619;67509	1	63062	0.942308
HG02257	2	chr19_KI270923v1_alt	KIR3DP1.00303	KIR3DP1.0030401	NA	NA	52	49	63062;65619;65730	1	63062	0.942308
HG02257	2	chr19_KI270923v1_alt	KIR3DP1.00303	KIR3DP1.0090101	NA	NA	53	50	65619;65730;67674	2	63061;63062	0.943396
HG02257	2	chr19_KI270923v1_alt	KIR3DP1.0030401	KIR3DP1.0030401	NA	NA	52	49	63062;65619;67674	1	63062	0.942308
HG02257	2	chr19_KI270923v1_alt	KIR3DP1.0030401	KIR3DP1.0030601	NA	NA	52	49	63062;65619;67452	1	63062	0.942308
HG02257	2	chr19_KI270923v1_alt	KIR3DP1.0030401	KIR3DP1.00310	NA	NA	52	49	63062;65619;65835	1	63062	0.942308
HG02257	2	chr19_KI270923v1_alt	KIR3DP1.0030401	KIR3DP1.00311	NA	NA	52	49	63062;65619;67407	1	63062	0.942308
HG02257	2	chr19_KI270923v1_alt	KIR3DP1.0030401	KIR3DP1.00312	NA	NA	52	49	63062;65619;67425	1	63062	0.942308
HG02257	2	chr19_KI270923v1_alt	KIR3DP1.0030401	KIR3DP1.008	NA	NA	52	49	63062;65619;65731	1	63062	0.942308
HG02257	2	chr19_KI270923v1_alt	KIR3DP1.0030401	KIR3DP1.013	NA	NA	52	49	63062;65619;67531	1	63062	0.942308
HG02257	2	chr19_KI270923v1_alt	KIR3DP1.0030401	KIR3DP1.0140101	NA	NA	52	49	63062;63849;65619	1	63062	0.942308
HG02257	2	chr19_KI270923v1_alt	KIR3DP1.0030401	KIR3DP1.0150101	NA	NA	52	49	63062;65619;65687	1	63062	0.942308
HG02257	2	chr19_KI270923v1_alt	KIR3DP1.0030401	KIR3DP1.017	NA	NA	52	49	63062;65619;65797	1	63062	0.942308
HG02257	2	chr19_KI270923v1_alt	KIR3DP1.0030401	KIR3DP1.025	NA	NA	52	49	63062;64045;65619	1	63062	0.942308
HG02257	2	chr19_KI270923v1_alt	KIR3DP1.0030401	KIR3DP1.0280101	NA	NA	52	49	63062;65619;67426	1	63062	0.942308
HG02257	2	chr19_KI270923v1_alt	KIR3DP1.0030401	KIR3DP1.0320101	NA	NA	52	49	63062;65619;67474	1	63062	0.942308
HG02257	2	chr19_KI270923v1_alt	KIR3DP1.0030401	KIR3DP1.034	NA	NA	52	49	63062;65619;67498	1	63062	0.942308
HG02257	2	chr19_KI270923v1_alt	KIR3DP1.0030401	KIR3DP1.037	NA	NA	52	49	63062;63988;65619	1	63062	0.942308
HG02257	2	chr19_KI270923v1_alt	KIR3DP1.0030401	KIR3DP1.038	NA	NA	52	49	63062;65619;67531	1	63062	0.942308
HG02257	2	chr19_KI270923v1_alt	KIR3DP1.0030401	KIR3DP1.044	NA	NA	52	49	63062;65619;65714	1	63062	0.942308
HG02257	2	chr19_KI270923v1_alt	KIR3DP1.0030401	KIR3DP1.046	NA	NA	52	49	63062;64095;65619	1	63062	0.942308
HG02257	2	chr19_KI270923v1_alt	KIR3DP1.0030401	KIR3DP1.049	NA	NA	52	49	63062;65619;65834	1	63062	0.942308
HG02257	2	chr19_KI270923v1_alt	KIR3DP1.0030601	KIR3DP1.0090101	NA	NA	53	50	65619;67452;67674	2	63061;63062	0.943396
HG02257	2	chr19_KI270923v1_alt	KIR3DP1.00310	KIR3DP1.0090101	NA	NA	53	50	65619;65835;67674	2	63061;63062	0.943396
HG02257	2	chr19_KI270923v1_alt	KIR3DP1.00311	KIR3DP1.0090101	NA	NA	53	50	65619;67407;67674	2	63061;63062	0.943396
HG02257	2	chr19_KI270923v1_alt	KIR3DP1.00312	KIR3DP1.0090101	NA	NA	53	50	65619;67425;67674	2	63061;63062	0.943396
HG02257	2	chr19_KI270923v1_alt	KIR3DP1.004	KIR3DP1.0090101	NA	NA	53	50	62263;65619;67674	2	63061;63062	0.943396
HG02257	2	chr19_KI270923v1_alt	KIR3DP1.004	KIR3DP1.024	NA	NA	53	50	62263;65619;67509	2	63061;63062	0.943396
HG02257	2	chr19_KI270923v1_alt	KIR3DP1.007	KIR3DP1.007	NA	NA	53	50	63954;65619;67674	2	63061;63062	0.943396
HG02257	2	chr19_KI270923v1_alt	KIR3DP1.007	KIR3DP1.0090101	NA	NA	53	50	63954;65619;67674	2	63061;63062	0.943396
HG02257	2	chr19_KI270923v1_alt	KIR3DP1.007	KIR3DP1.024	NA	NA	53	50	63954;65619;67509	2	63061;63062	0.943396
HG02257	2	chr19_KI270923v1_alt	KIR3DP1.008	KIR3DP1.0090101	NA	NA	53	50	65619;65731;67674	2	63061;63062	0.943396
HG02257	2	chr19_KI270923v1_alt	KIR3DP1.0090101	KIR3DP1.013	NA	NA	53	50	65619;67531;67674	2	63061;63062	0.943396
HG02257	2	chr19_KI270923v1_alt	KIR3DP1.0090101	KIR3DP1.0140101	NA	NA	53	50	63849;65619;67674	2	63061;63062	0.943396
HG02257	2	chr19_KI270923v1_alt	KIR3DP1.0090101	KIR3DP1.0150101	NA	NA	53	50	65619;65687;67674	2	63061;63062	0.943396
HG02257	2	chr19_KI270923v1_alt	KIR3DP1.0090101	KIR3DP1.017	NA	NA	53	50	65619;65797;67674	2	63061;63062	0.943396
HG02257	2	chr19_KI270923v1_alt	KIR3DP1.0090101	KIR3DP1.025	NA	NA	53	50	64045;65619;67674	2	63061;63062	0.943396
HG02257	2	chr19_KI270923v1_alt	KIR3DP1.0090101	KIR3DP1.0280101	NA	NA	53	50	65619;67426;67674	2	63061;63062	0.943396
HG02257	2	chr19_KI270923v1_alt	KIR3DP1.0090101	KIR3DP1.0320101	NA	NA	53	50	65619;67474;67674	2	63061;63062	0.943396
HG02257	2	chr19_KI270923v1_alt	KIR3DP1.0090101	KIR3DP1.034	NA	NA	53	50	65619;67498;67674	2	63061;63062	0.943396
HG02257	2	chr19_KI270923v1_alt	KIR3DP1.0090101	KIR3DP1.037	NA	NA	53	50	63988;65619;67674	2	63061;63062	0.943396
HG02257	2	chr19_KI270923v1_alt	KIR3DP1.0090101	KIR3DP1.038	NA	NA	53	50	65619;67531;67674	2	63061;63062	0.943396
HG02257	2	chr19_KI270923v1_alt	KIR3DP1.0090101	KIR3DP1.044	NA	NA	53	50	65619;65714;67674	2	63061;63062	0.943396
HG02257	2	chr19_KI270923v1_alt	KIR3DP1.0090101	KIR3DP1.046	NA	NA	53	50	64095;65619;67674	2	63061;63062	0.943396
HG02257	2	chr19_KI270923v1_alt	KIR3DP1.0090101	KIR3DP1.049	NA	NA	53	50	65619;65834;67674	2	63061;63062	0.943396
HG02257	2	chr19_KI270923v1_alt	KIR3DP1.001	KIR3DP1.004	NA	NA	53	49	62263;63061;65619;67674	2	63061;63062	0.924528
HG02257	2	chr19_KI270923v1_alt	KIR3DP1.002	KIR3DP1.0030101	NA	NA	53	49	63869;65619;67509;67674	2	63061;63062	0.924528
HG02257	2	chr19_KI270923v1_alt	KIR3DP1.002	KIR3DP1.00303	NA	NA	53	49	65619;65730;67509;67674	2	63061;63062	0.924528
HG02257	2	chr19_KI270923v1_alt	KIR3DP1.002	KIR3DP1.0030601	NA	NA	53	49	65619;67452;67509;67674	2	63061;63062	0.924528
HG02257	2	chr19_KI270923v1_alt	KIR3DP1.002	KIR3DP1.00310	NA	NA	53	49	65619;65835;67509;67674	2	63061;63062	0.924528
HG02257	2	chr19_KI270923v1_alt	KIR3DP1.002	KIR3DP1.00311	NA	NA	53	49	65619;67407;67509;67674	2	63061;63062	0.924528
HG02257	2	chr19_KI270923v1_alt	KIR3DP1.002	KIR3DP1.00312	NA	NA	53	49	65619;67425;67509;67674	2	63061;63062	0.924528
HG02257	2	chr19_KI270923v1_alt	KIR3DP1.002	KIR3DP1.004	NA	NA	53	49	62263;65619;67509;67674	2	63061;63062	0.924528
HG02257	2	chr19_KI270923v1_alt	KIR3DP1.002	KIR3DP1.007	NA	NA	53	49	63954;65619;67509;67674	2	63061;63062	0.924528
HG02257	2	chr19_KI270923v1_alt	KIR3DP1.002	KIR3DP1.008	NA	NA	53	49	65619;65731;67509;67674	2	63061;63062	0.924528
HG02257	2	chr19_KI270923v1_alt	KIR3DP1.002	KIR3DP1.013	NA	NA	53	49	65619;67509;67531;67674	2	63061;63062	0.924528
HG02257	2	chr19_KI270923v1_alt	KIR3DP1.002	KIR3DP1.0140101	NA	NA	53	49	63849;65619;67509;67674	2	63061;63062	0.924528
HG02257	2	chr19_KI270923v1_alt	KIR3DP1.002	KIR3DP1.0150101	NA	NA	53	49	65619;65687;67509;67674	2	63061;63062	0.924528
HG02257	2	chr19_KI270923v1_alt	KIR3DP1.002	KIR3DP1.017	NA	NA	53	49	65619;65797;67509;67674	2	63061;63062	0.924528
HG02257	2	chr19_KI270923v1_alt	KIR3DP1.002	KIR3DP1.025	NA	NA	53	49	64045;65619;67509;67674	2	63061;63062	0.924528
HG02257	2	chr19_KI270923v1_alt	KIR3DP1.002	KIR3DP1.0280101	NA	NA	53	49	65619;67426;67509;67674	2	63061;63062	0.924528
HG02257	2	chr19_KI270923v1_alt	KIR3DP1.002	KIR3DP1.0320101	NA	NA	53	49	65619;67474;67509;67674	2	63061;63062	0.924528
HG02257	2	chr19_KI270923v1_alt	KIR3DP1.002	KIR3DP1.034	NA	NA	53	49	65619;67498;67509;67674	2	63061;63062	0.924528
HG02257	2	chr19_KI270923v1_alt	KIR3DP1.002	KIR3DP1.037	NA	NA	53	49	63988;65619;67509;67674	2	63061;63062	0.924528
HG02257	2	chr19_KI270923v1_alt	KIR3DP1.002	KIR3DP1.038	NA	NA	53	49	65619;67509;67531;67674	2	63061;63062	0.924528
HG02257	2	chr19_KI270923v1_alt	KIR3DP1.002	KIR3DP1.044	NA	NA	53	49	65619;65714;67509;67674	2	63061;63062	0.924528
HG02257	2	chr19_KI270923v1_alt	KIR3DP1.002	KIR3DP1.046	NA	NA	53	49	64095;65619;67509;67674	2	63061;63062	0.924528
HG02257	2	chr19_KI270923v1_alt	KIR3DP1.002	KIR3DP1.049	NA	NA	53	49	65619;65834;67509;67674	2	63061;63062	0.924528
HG02257	2	chr19_KI270923v1_alt	KIR3DP1.0030101	KIR3DP1.0030101	NA	NA	52	48	63062;63869;65619;67674	1	63062	0.923077
HG02257	2	chr19_KI270923v1_alt	KIR3DP1.0030101	KIR3DP1.0030201	NA	NA	52	48	63062;63869;65619;67674	1	63062	0.923077
HG02257	2	chr19_KI270923v1_alt	KIR3DP1.0030101	KIR3DP1.0030210	NA	NA	52	48	63062;63869;65619;67674	1	63062	0.923077
HG02257	2	chr19_KI270923v1_alt	KIR3DP1.0030101	KIR3DP1.004	NA	NA	53	49	62263;63869;65619;67674	2	63061;63062	0.924528
HG02257	2	chr19_KI270923v1_alt	KIR3DP1.0030101	KIR3DP1.007	NA	NA	53	49	63869;63954;65619;67674	2	63061;63062	0.924528
HG02257	2	chr19_KI270923v1_alt	KIR3DP1.0030101	KIR3DP1.024	NA	NA	52	48	63062;63869;65619;67509	1	63062	0.923077
HG02257	2	chr19_KI270923v1_alt	KIR3DP1.0030201	KIR3DP1.00303	NA	NA	52	48	63062;65619;65730;67674	1	63062	0.923077
HG02257	2	chr19_KI270923v1_alt	KIR3DP1.0030201	KIR3DP1.0030601	NA	NA	52	48	63062;65619;67452;67674	1	63062	0.923077
HG02257	2	chr19_KI270923v1_alt	KIR3DP1.0030201	KIR3DP1.00310	NA	NA	52	48	63062;65619;65835;67674	1	63062	0.923077
HG02257	2	chr19_KI270923v1_alt	KIR3DP1.0030201	KIR3DP1.00311	NA	NA	52	48	63062;65619;67407;67674	1	63062	0.923077
HG02257	2	chr19_KI270923v1_alt	KIR3DP1.0030201	KIR3DP1.00312	NA	NA	52	48	63062;65619;67425;67674	1	63062	0.923077
HG02257	2	chr19_KI270923v1_alt	KIR3DP1.0030201	KIR3DP1.008	NA	NA	52	48	63062;65619;65731;67674	1	63062	0.923077
HG02257	2	chr19_KI270923v1_alt	KIR3DP1.0030201	KIR3DP1.013	NA	NA	52	48	63062;65619;67531;67674	1	63062	0.923077
HG02257	2	chr19_KI270923v1_alt	KIR3DP1.0030201	KIR3DP1.0140101	NA	NA	52	48	63062;63849;65619;67674	1	63062	0.923077
HG02257	2	chr19_KI270923v1_alt	KIR3DP1.0030201	KIR3DP1.0150101	NA	NA	52	48	63062;65619;65687;67674	1	63062	0.923077
HG02257	2	chr19_KI270923v1_alt	KIR3DP1.0030201	KIR3DP1.017	NA	NA	52	48	63062;65619;65797;67674	1	63062	0.923077
HG02257	2	chr19_KI270923v1_alt	KIR3DP1.0030201	KIR3DP1.025	NA	NA	52	48	63062;64045;65619;67674	1	63062	0.923077
HG02257	2	chr19_KI270923v1_alt	KIR3DP1.0030201	KIR3DP1.0280101	NA	NA	52	48	63062;65619;67426;67674	1	63062	0.923077
HG02257	2	chr19_KI270923v1_alt	KIR3DP1.0030201	KIR3DP1.0320101	NA	NA	52	48	63062;65619;67474;67674	1	63062	0.923077
HG02257	2	chr19_KI270923v1_alt	KIR3DP1.0030201	KIR3DP1.034	NA	NA	52	48	63062;65619;67498;67674	1	63062	0.923077
HG02257	2	chr19_KI270923v1_alt	KIR3DP1.0030201	KIR3DP1.037	NA	NA	52	48	63062;63988;65619;67674	1	63062	0.923077
HG02257	2	chr19_KI270923v1_alt	KIR3DP1.0030201	KIR3DP1.038	NA	NA	52	48	63062;65619;67531;67674	1	63062	0.923077
HG02257	2	chr19_KI270923v1_alt	KIR3DP1.0030201	KIR3DP1.044	NA	NA	52	48	63062;65619;65714;67674	1	63062	0.923077
HG02257	2	chr19_KI270923v1_alt	KIR3DP1.0030201	KIR3DP1.046	NA	NA	52	48	63062;64095;65619;67674	1	63062	0.923077
HG02257	2	chr19_KI270923v1_alt	KIR3DP1.0030201	KIR3DP1.049	NA	NA	52	48	63062;65619;65834;67674	1	63062	0.923077
HG02257	2	chr19_KI270923v1_alt	KIR3DP1.0030210	KIR3DP1.00303	NA	NA	52	48	63062;65619;65730;67674	1	63062	0.923077
HG02257	2	chr19_KI270923v1_alt	KIR3DP1.0030210	KIR3DP1.0030601	NA	NA	52	48	63062;65619;67452;67674	1	63062	0.923077
HG02257	2	chr19_KI270923v1_alt	KIR3DP1.0030210	KIR3DP1.00310	NA	NA	52	48	63062;65619;65835;67674	1	63062	0.923077
HG02257	2	chr19_KI270923v1_alt	KIR3DP1.0030210	KIR3DP1.00311	NA	NA	52	48	63062;65619;67407;67674	1	63062	0.923077
HG02257	2	chr19_KI270923v1_alt	KIR3DP1.0030210	KIR3DP1.00312	NA	NA	52	48	63062;65619;67425;67674	1	63062	0.923077
HG02257	2	chr19_KI270923v1_alt	KIR3DP1.0030210	KIR3DP1.008	NA	NA	52	48	63062;65619;65731;67674	1	63062	0.923077
HG02257	2	chr19_KI270923v1_alt	KIR3DP1.0030210	KIR3DP1.013	NA	NA	52	48	63062;65619;67531;67674	1	63062	0.923077
HG02257	2	chr19_KI270923v1_alt	KIR3DP1.0030210	KIR3DP1.0140101	NA	NA	52	48	63062;63849;65619;67674	1	63062	0.923077
HG02257	2	chr19_KI270923v1_alt	KIR3DP1.0030210	KIR3DP1.0150101	NA	NA	52	48	63062;65619;65687;67674	1	63062	0.923077
HG02257	2	chr19_KI270923v1_alt	KIR3DP1.0030210	KIR3DP1.017	NA	NA	52	48	63062;65619;65797;67674	1	63062	0.923077
HG02257	2	chr19_KI270923v1_alt	KIR3DP1.0030210	KIR3DP1.025	NA	NA	52	48	63062;64045;65619;67674	1	63062	0.923077
HG02257	2	chr19_KI270923v1_alt	KIR3DP1.0030210	KIR3DP1.0280101	NA	NA	52	48	63062;65619;67426;67674	1	63062	0.923077
HG02257	2	chr19_KI270923v1_alt	KIR3DP1.0030210	KIR3DP1.0320101	NA	NA	52	48	63062;65619;67474;67674	1	63062	0.923077
HG02257	2	chr19_KI270923v1_alt	KIR3DP1.0030210	KIR3DP1.034	NA	NA	52	48	63062;65619;67498;67674	1	63062	0.923077
HG02257	2	chr19_KI270923v1_alt	KIR3DP1.0030210	KIR3DP1.037	NA	NA	52	48	63062;63988;65619;67674	1	63062	0.923077
HG02257	2	chr19_KI270923v1_alt	KIR3DP1.0030210	KIR3DP1.038	NA	NA	52	48	63062;65619;67531;67674	1	63062	0.923077
HG02257	2	chr19_KI270923v1_alt	KIR3DP1.0030210	KIR3DP1.044	NA	NA	52	48	63062;65619;65714;67674	1	63062	0.923077
HG02257	2	chr19_KI270923v1_alt	KIR3DP1.0030210	KIR3DP1.046	NA	NA	52	48	63062;64095;65619;67674	1	63062	0.923077
HG02257	2	chr19_KI270923v1_alt	KIR3DP1.0030210	KIR3DP1.049	NA	NA	52	48	63062;65619;65834;67674	1	63062	0.923077
HG02257	2	chr19_KI270923v1_alt	KIR3DP1.00303	KIR3DP1.00303	NA	NA	52	48	63062;65619;65730;67674	1	63062	0.923077
HG02257	2	chr19_KI270923v1_alt	KIR3DP1.00303	KIR3DP1.004	NA	NA	53	49	62263;65619;65730;67674	2	63061;63062	0.924528
HG02257	2	chr19_KI270923v1_alt	KIR3DP1.00303	KIR3DP1.007	NA	NA	53	49	63954;65619;65730;67674	2	63061;63062	0.924528
HG02257	2	chr19_KI270923v1_alt	KIR3DP1.00303	KIR3DP1.024	NA	NA	52	48	63062;65619;65730;67509	1	63062	0.923077
HG02257	2	chr19_KI270923v1_alt	KIR3DP1.0030401	KIR3DP1.024	NA	NA	52	48	63062;65619;67509;67674	1	63062	0.923077
HG02257	2	chr19_KI270923v1_alt	KIR3DP1.0030601	KIR3DP1.0030601	NA	NA	52	48	63062;65619;67452;67674	1	63062	0.923077
HG02257	2	chr19_KI270923v1_alt	KIR3DP1.0030601	KIR3DP1.004	NA	NA	53	49	62263;65619;67452;67674	2	63061;63062	0.924528
HG02257	2	chr19_KI270923v1_alt	KIR3DP1.0030601	KIR3DP1.007	NA	NA	53	49	63954;65619;67452;67674	2	63061;63062	0.924528
HG02257	2	chr19_KI270923v1_alt	KIR3DP1.0030601	KIR3DP1.024	NA	NA	52	48	63062;65619;67452;67509	1	63062	0.923077
HG02257	2	chr19_KI270923v1_alt	KIR3DP1.00310	KIR3DP1.00310	NA	NA	52	48	63062;65619;65835;67674	1	63062	0.923077
HG02257	2	chr19_KI270923v1_alt	KIR3DP1.00310	KIR3DP1.004	NA	NA	53	49	62263;65619;65835;67674	2	63061;63062	0.924528
HG02257	2	chr19_KI270923v1_alt	KIR3DP1.00310	KIR3DP1.007	NA	NA	53	49	63954;65619;65835;67674	2	63061;63062	0.924528
HG02257	2	chr19_KI270923v1_alt	KIR3DP1.00310	KIR3DP1.024	NA	NA	52	48	63062;65619;65835;67509	1	63062	0.923077
HG02257	2	chr19_KI270923v1_alt	KIR3DP1.00311	KIR3DP1.00311	NA	NA	52	48	63062;65619;67407;67674	1	63062	0.923077
HG02257	2	chr19_KI270923v1_alt	KIR3DP1.00311	KIR3DP1.004	NA	NA	53	49	62263;65619;67407;67674	2	63061;63062	0.924528
HG02257	2	chr19_KI270923v1_alt	KIR3DP1.00311	KIR3DP1.007	NA	NA	53	49	63954;65619;67407;67674	2	63061;63062	0.924528
HG02257	2	chr19_KI270923v1_alt	KIR3DP1.00311	KIR3DP1.024	NA	NA	52	48	63062;65619;67407;67509	1	63062	0.923077
HG02257	2	chr19_KI270923v1_alt	KIR3DP1.00312	KIR3DP1.00312	NA	NA	52	48	63062;65619;67425;67674	1	63062	0.923077
HG02257	2	chr19_KI270923v1_alt	KIR3DP1.00312	KIR3DP1.004	NA	NA	53	49	62263;65619;67425;67674	2	63061;63062	0.924528
HG02257	2	chr19_KI270923v1_alt	KIR3DP1.00312	KIR3DP1.007	NA	NA	53	49	63954;65619;67425;67674	2	63061;63062	0.924528
HG02257	2	chr19_KI270923v1_alt	KIR3DP1.00312	KIR3DP1.024	NA	NA	52	48	63062;65619;67425;67509	1	63062	0.923077
HG02257	2	chr19_KI270923v1_alt	KIR3DP1.004	KIR3DP1.004	NA	NA	53	49	62263;63061;65619;67674	2	63061;63062	0.924528
HG02257	2	chr19_KI270923v1_alt	KIR3DP1.004	KIR3DP1.007	NA	NA	53	49	62263;63954;65619;67674	2	63061;63062	0.924528
HG02257	2	chr19_KI270923v1_alt	KIR3DP1.004	KIR3DP1.008	NA	NA	53	49	62263;65619;65731;67674	2	63061;63062	0.924528
HG02257	2	chr19_KI270923v1_alt	KIR3DP1.004	KIR3DP1.013	NA	NA	53	49	62263;65619;67531;67674	2	63061;63062	0.924528
HG02257	2	chr19_KI270923v1_alt	KIR3DP1.004	KIR3DP1.0140101	NA	NA	53	49	62263;63849;65619;67674	2	63061;63062	0.924528
HG02257	2	chr19_KI270923v1_alt	KIR3DP1.004	KIR3DP1.0150101	NA	NA	53	49	62263;65619;65687;67674	2	63061;63062	0.924528
HG02257	2	chr19_KI270923v1_alt	KIR3DP1.004	KIR3DP1.017	NA	NA	53	49	62263;65619;65797;67674	2	63061;63062	0.924528
HG02257	2	chr19_KI270923v1_alt	KIR3DP1.004	KIR3DP1.025	NA	NA	53	49	62263;64045;65619;67674	2	63061;63062	0.924528
HG02257	2	chr19_KI270923v1_alt	KIR3DP1.004	KIR3DP1.0280101	NA	NA	53	49	62263;65619;67426;67674	2	63061;63062	0.924528
HG02257	2	chr19_KI270923v1_alt	KIR3DP1.004	KIR3DP1.0320101	NA	NA	53	49	62263;65619;67474;67674	2	63061;63062	0.924528
HG02257	2	chr19_KI270923v1_alt	KIR3DP1.004	KIR3DP1.034	NA	NA	53	49	62263;65619;67498;67674	2	63061;63062	0.924528
HG02257	2	chr19_KI270923v1_alt	KIR3DP1.004	KIR3DP1.037	NA	NA	53	49	62263;63988;65619;67674	2	63061;63062	0.924528
HG02257	2	chr19_KI270923v1_alt	KIR3DP1.004	KIR3DP1.038	NA	NA	53	49	62263;65619;67531;67674	2	63061;63062	0.924528
HG02257	2	chr19_KI270923v1_alt	KIR3DP1.004	KIR3DP1.044	NA	NA	53	49	62263;65619;65714;67674	2	63061;63062	0.924528
HG02257	2	chr19_KI270923v1_alt	KIR3DP1.004	KIR3DP1.046	NA	NA	53	49	62263;64095;65619;67674	2	63061;63062	0.924528
HG02257	2	chr19_KI270923v1_alt	KIR3DP1.004	KIR3DP1.049	NA	NA	53	49	62263;65619;65834;67674	2	63061;63062	0.924528
HG02257	2	chr19_KI270923v1_alt	KIR3DP1.007	KIR3DP1.008	NA	NA	53	49	63954;65619;65731;67674	2	63061;63062	0.924528
HG02257	2	chr19_KI270923v1_alt	KIR3DP1.007	KIR3DP1.013	NA	NA	53	49	63954;65619;67531;67674	2	63061;63062	0.924528
HG02257	2	chr19_KI270923v1_alt	KIR3DP1.007	KIR3DP1.0140101	NA	NA	53	49	63849;63954;65619;67674	2	63061;63062	0.924528
HG02257	2	chr19_KI270923v1_alt	KIR3DP1.007	KIR3DP1.0150101	NA	NA	53	49	63954;65619;65687;67674	2	63061;63062	0.924528
HG02257	2	chr19_KI270923v1_alt	KIR3DP1.007	KIR3DP1.017	NA	NA	53	49	63954;65619;65797;67674	2	63061;63062	0.924528
HG02257	2	chr19_KI270923v1_alt	KIR3DP1.007	KIR3DP1.025	NA	NA	53	49	63954;64045;65619;67674	2	63061;63062	0.924528
HG02257	2	chr19_KI270923v1_alt	KIR3DP1.007	KIR3DP1.0280101	NA	NA	53	49	63954;65619;67426;67674	2	63061;63062	0.924528
HG02257	2	chr19_KI270923v1_alt	KIR3DP1.007	KIR3DP1.0320101	NA	NA	53	49	63954;65619;67474;67674	2	63061;63062	0.924528
HG02257	2	chr19_KI270923v1_alt	KIR3DP1.007	KIR3DP1.034	NA	NA	53	49	63954;65619;67498;67674	2	63061;63062	0.924528
HG02257	2	chr19_KI270923v1_alt	KIR3DP1.007	KIR3DP1.037	NA	NA	53	49	63954;63988;65619;67674	2	63061;63062	0.924528
HG02257	2	chr19_KI270923v1_alt	KIR3DP1.007	KIR3DP1.038	NA	NA	53	49	63954;65619;67531;67674	2	63061;63062	0.924528
HG02257	2	chr19_KI270923v1_alt	KIR3DP1.007	KIR3DP1.044	NA	NA	53	49	63954;65619;65714;67674	2	63061;63062	0.924528
HG02257	2	chr19_KI270923v1_alt	KIR3DP1.007	KIR3DP1.046	NA	NA	53	49	63954;64095;65619;67674	2	63061;63062	0.924528
HG02257	2	chr19_KI270923v1_alt	KIR3DP1.007	KIR3DP1.049	NA	NA	53	49	63954;65619;65834;67674	2	63061;63062	0.924528
HG02257	2	chr19_KI270923v1_alt	KIR3DP1.008	KIR3DP1.008	NA	NA	52	48	63062;65619;65731;67674	1	63062	0.923077
HG02257	2	chr19_KI270923v1_alt	KIR3DP1.008	KIR3DP1.024	NA	NA	52	48	63062;65619;65731;67509	1	63062	0.923077
HG02257	2	chr19_KI270923v1_alt	KIR3DP1.013	KIR3DP1.013	NA	NA	52	48	63062;65619;67531;67674	1	63062	0.923077
HG02257	2	chr19_KI270923v1_alt	KIR3DP1.013	KIR3DP1.024	NA	NA	52	48	63062;65619;67509;67531	1	63062	0.923077
HG02257	2	chr19_KI270923v1_alt	KIR3DP1.013	KIR3DP1.038	NA	NA	52	48	63062;65619;67531;67674	1	63062	0.923077
HG02257	2	chr19_KI270923v1_alt	KIR3DP1.0140101	KIR3DP1.0140101	NA	NA	52	48	63062;63849;65619;67674	1	63062	0.923077
HG02257	2	chr19_KI270923v1_alt	KIR3DP1.0140101	KIR3DP1.024	NA	NA	52	48	63062;63849;65619;67509	1	63062	0.923077
HG02257	2	chr19_KI270923v1_alt	KIR3DP1.0150101	KIR3DP1.0150101	NA	NA	52	48	63062;65619;65687;67674	1	63062	0.923077
HG02257	2	chr19_KI270923v1_alt	KIR3DP1.0150101	KIR3DP1.024	NA	NA	52	48	63062;65619;65687;67509	1	63062	0.923077
HG02257	2	chr19_KI270923v1_alt	KIR3DP1.017	KIR3DP1.017	NA	NA	52	48	63062;65619;65797;67674	1	63062	0.923077
HG02257	2	chr19_KI270923v1_alt	KIR3DP1.017	KIR3DP1.024	NA	NA	52	48	63062;65619;65797;67509	1	63062	0.923077
HG02257	2	chr19_KI270923v1_alt	KIR3DP1.024	KIR3DP1.024	NA	NA	52	48	63062;65619;67509;67674	1	63062	0.923077
HG02257	2	chr19_KI270923v1_alt	KIR3DP1.024	KIR3DP1.025	NA	NA	52	48	63062;64045;65619;67509	1	63062	0.923077
HG02257	2	chr19_KI270923v1_alt	KIR3DP1.024	KIR3DP1.0280101	NA	NA	52	48	63062;65619;67426;67509	1	63062	0.923077
HG02257	2	chr19_KI270923v1_alt	KIR3DP1.024	KIR3DP1.0320101	NA	NA	52	48	63062;65619;67474;67509	1	63062	0.923077
HG02257	2	chr19_KI270923v1_alt	KIR3DP1.024	KIR3DP1.034	NA	NA	52	48	63062;65619;67498;67509	1	63062	0.923077
HG02257	2	chr19_KI270923v1_alt	KIR3DP1.024	KIR3DP1.037	NA	NA	52	48	63062;63988;65619;67509	1	63062	0.923077
HG02257	2	chr19_KI270923v1_alt	KIR3DP1.024	KIR3DP1.038	NA	NA	52	48	63062;65619;67509;67531	1	63062	0.923077
HG02257	2	chr19_KI270923v1_alt	KIR3DP1.024	KIR3DP1.044	NA	NA	52	48	63062;65619;65714;67509	1	63062	0.923077
HG02257	2	chr19_KI270923v1_alt	KIR3DP1.024	KIR3DP1.046	NA	NA	52	48	63062;64095;65619;67509	1	63062	0.923077
HG02257	2	chr19_KI270923v1_alt	KIR3DP1.024	KIR3DP1.049	NA	NA	52	48	63062;65619;65834;67509	1	63062	0.923077
HG02257	2	chr19_KI270923v1_alt	KIR3DP1.025	KIR3DP1.025	NA	NA	52	48	63062;64045;65619;67674	1	63062	0.923077
HG02257	2	chr19_KI270923v1_alt	KIR3DP1.0280101	KIR3DP1.0280101	NA	NA	52	48	63062;65619;67426;67674	1	63062	0.923077
HG02257	2	chr19_KI270923v1_alt	KIR3DP1.0320101	KIR3DP1.0320101	NA	NA	52	48	63062;65619;67474;67674	1	63062	0.923077
HG02257	2	chr19_KI270923v1_alt	KIR3DP1.034	KIR3DP1.034	NA	NA	52	48	63062;65619;67498;67674	1	63062	0.923077
HG02257	2	chr19_KI270923v1_alt	KIR3DP1.037	KIR3DP1.037	NA	NA	52	48	63062;63988;65619;67674	1	63062	0.923077
HG02257	2	chr19_KI270923v1_alt	KIR3DP1.038	KIR3DP1.038	NA	NA	52	48	63062;65619;67531;67674	1	63062	0.923077
HG02257	2	chr19_KI270923v1_alt	KIR3DP1.044	KIR3DP1.044	NA	NA	52	48	63062;65619;65714;67674	1	63062	0.923077
HG02257	2	chr19_KI270923v1_alt	KIR3DP1.046	KIR3DP1.046	NA	NA	52	48	63062;64095;65619;67674	1	63062	0.923077
HG02257	2	chr19_KI270923v1_alt	KIR3DP1.049	KIR3DP1.049	NA	NA	52	48	63062;65619;65834;67674	1	63062	0.923077
HG02257	2	chr19_KI270923v1_alt	KIR3DP1.0030101	KIR3DP1.00303	NA	NA	52	47	63062;63869;65619;65730;67674	1	63062	0.903846
HG02257	2	chr19_KI270923v1_alt	KIR3DP1.0030101	KIR3DP1.0030601	NA	NA	52	47	63062;63869;65619;67452;67674	1	63062	0.903846
HG02257	2	chr19_KI270923v1_alt	KIR3DP1.0030101	KIR3DP1.00310	NA	NA	52	47	63062;63869;65619;65835;67674	1	63062	0.903846
HG02257	2	chr19_KI270923v1_alt	KIR3DP1.0030101	KIR3DP1.00311	NA	NA	52	47	63062;63869;65619;67407;67674	1	63062	0.903846
HG02257	2	chr19_KI270923v1_alt	KIR3DP1.0030101	KIR3DP1.00312	NA	NA	52	47	63062;63869;65619;67425;67674	1	63062	0.903846
HG02257	2	chr19_KI270923v1_alt	KIR3DP1.0030101	KIR3DP1.008	NA	NA	52	47	63062;63869;65619;65731;67674	1	63062	0.903846
HG02257	2	chr19_KI270923v1_alt	KIR3DP1.0030101	KIR3DP1.013	NA	NA	52	47	63062;63869;65619;67531;67674	1	63062	0.903846
HG02257	2	chr19_KI270923v1_alt	KIR3DP1.0030101	KIR3DP1.0140101	NA	NA	52	47	63062;63849;63869;65619;67674	1	63062	0.903846
HG02257	2	chr19_KI270923v1_alt	KIR3DP1.0030101	KIR3DP1.0150101	NA	NA	52	47	63062;63869;65619;65687;67674	1	63062	0.903846
HG02257	2	chr19_KI270923v1_alt	KIR3DP1.0030101	KIR3DP1.017	NA	NA	52	47	63062;63869;65619;65797;67674	1	63062	0.903846
HG02257	2	chr19_KI270923v1_alt	KIR3DP1.0030101	KIR3DP1.025	NA	NA	52	47	63062;63869;64045;65619;67674	1	63062	0.903846
HG02257	2	chr19_KI270923v1_alt	KIR3DP1.0030101	KIR3DP1.0280101	NA	NA	52	47	63062;63869;65619;67426;67674	1	63062	0.903846
HG02257	2	chr19_KI270923v1_alt	KIR3DP1.0030101	KIR3DP1.0320101	NA	NA	52	47	63062;63869;65619;67474;67674	1	63062	0.903846
HG02257	2	chr19_KI270923v1_alt	KIR3DP1.0030101	KIR3DP1.034	NA	NA	52	47	63062;63869;65619;67498;67674	1	63062	0.903846
HG02257	2	chr19_KI270923v1_alt	KIR3DP1.0030101	KIR3DP1.037	NA	NA	52	47	63062;63869;63988;65619;67674	1	63062	0.903846
HG02257	2	chr19_KI270923v1_alt	KIR3DP1.0030101	KIR3DP1.038	NA	NA	52	47	63062;63869;65619;67531;67674	1	63062	0.903846
HG02257	2	chr19_KI270923v1_alt	KIR3DP1.0030101	KIR3DP1.044	NA	NA	52	47	63062;63869;65619;65714;67674	1	63062	0.903846
HG02257	2	chr19_KI270923v1_alt	KIR3DP1.0030101	KIR3DP1.046	NA	NA	52	47	63062;63869;64095;65619;67674	1	63062	0.903846
HG02257	2	chr19_KI270923v1_alt	KIR3DP1.0030101	KIR3DP1.049	NA	NA	52	47	63062;63869;65619;65834;67674	1	63062	0.903846
HG02257	2	chr19_KI270923v1_alt	KIR3DP1.00303	KIR3DP1.0030601	NA	NA	52	47	63062;65619;65730;67452;67674	1	63062	0.903846
HG02257	2	chr19_KI270923v1_alt	KIR3DP1.00303	KIR3DP1.00310	NA	NA	52	47	63062;65619;65730;65835;67674	1	63062	0.903846
HG02257	2	chr19_KI270923v1_alt	KIR3DP1.00303	KIR3DP1.00311	NA	NA	52	47	63062;65619;65730;67407;67674	1	63062	0.903846
HG02257	2	chr19_KI270923v1_alt	KIR3DP1.00303	KIR3DP1.00312	NA	NA	52	47	63062;65619;65730;67425;67674	1	63062	0.903846
HG02257	2	chr19_KI270923v1_alt	KIR3DP1.00303	KIR3DP1.008	NA	NA	52	47	63062;65619;65730;65731;67674	1	63062	0.903846
HG02257	2	chr19_KI270923v1_alt	KIR3DP1.00303	KIR3DP1.013	NA	NA	52	47	63062;65619;65730;67531;67674	1	63062	0.903846
HG02257	2	chr19_KI270923v1_alt	KIR3DP1.00303	KIR3DP1.0140101	NA	NA	52	47	63062;63849;65619;65730;67674	1	63062	0.903846
HG02257	2	chr19_KI270923v1_alt	KIR3DP1.00303	KIR3DP1.0150101	NA	NA	52	47	63062;65619;65687;65730;67674	1	63062	0.903846
HG02257	2	chr19_KI270923v1_alt	KIR3DP1.00303	KIR3DP1.017	NA	NA	52	47	63062;65619;65730;65797;67674	1	63062	0.903846
HG02257	2	chr19_KI270923v1_alt	KIR3DP1.00303	KIR3DP1.025	NA	NA	52	47	63062;64045;65619;65730;67674	1	63062	0.903846
HG02257	2	chr19_KI270923v1_alt	KIR3DP1.00303	KIR3DP1.0280101	NA	NA	52	47	63062;65619;65730;67426;67674	1	63062	0.903846
HG02257	2	chr19_KI270923v1_alt	KIR3DP1.00303	KIR3DP1.0320101	NA	NA	52	47	63062;65619;65730;67474;67674	1	63062	0.903846
HG02257	2	chr19_KI270923v1_alt	KIR3DP1.00303	KIR3DP1.034	NA	NA	52	47	63062;65619;65730;67498;67674	1	63062	0.903846
HG02257	2	chr19_KI270923v1_alt	KIR3DP1.00303	KIR3DP1.037	NA	NA	52	47	63062;63988;65619;65730;67674	1	63062	0.903846
HG02257	2	chr19_KI270923v1_alt	KIR3DP1.00303	KIR3DP1.038	NA	NA	52	47	63062;65619;65730;67531;67674	1	63062	0.903846
HG02257	2	chr19_KI270923v1_alt	KIR3DP1.00303	KIR3DP1.044	NA	NA	52	47	63062;65619;65714;65730;67674	1	63062	0.903846
HG02257	2	chr19_KI270923v1_alt	KIR3DP1.00303	KIR3DP1.046	NA	NA	52	47	63062;64095;65619;65730;67674	1	63062	0.903846
HG02257	2	chr19_KI270923v1_alt	KIR3DP1.00303	KIR3DP1.049	NA	NA	52	47	63062;65619;65730;65834;67674	1	63062	0.903846
HG02257	2	chr19_KI270923v1_alt	KIR3DP1.0030601	KIR3DP1.00310	NA	NA	52	47	63062;65619;65835;67452;67674	1	63062	0.903846
HG02257	2	chr19_KI270923v1_alt	KIR3DP1.0030601	KIR3DP1.00311	NA	NA	52	47	63062;65619;67407;67452;67674	1	63062	0.903846
HG02257	2	chr19_KI270923v1_alt	KIR3DP1.0030601	KIR3DP1.00312	NA	NA	52	47	63062;65619;67425;67452;67674	1	63062	0.903846
HG02257	2	chr19_KI270923v1_alt	KIR3DP1.0030601	KIR3DP1.008	NA	NA	52	47	63062;65619;65731;67452;67674	1	63062	0.903846
HG02257	2	chr19_KI270923v1_alt	KIR3DP1.0030601	KIR3DP1.013	NA	NA	52	47	63062;65619;67452;67531;67674	1	63062	0.903846
HG02257	2	chr19_KI270923v1_alt	KIR3DP1.0030601	KIR3DP1.0140101	NA	NA	52	47	63062;63849;65619;67452;67674	1	63062	0.903846
HG02257	2	chr19_KI270923v1_alt	KIR3DP1.0030601	KIR3DP1.0150101	NA	NA	52	47	63062;65619;65687;67452;67674	1	63062	0.903846
HG02257	2	chr19_KI270923v1_alt	KIR3DP1.0030601	KIR3DP1.017	NA	NA	52	47	63062;65619;65797;67452;67674	1	63062	0.903846
HG02257	2	chr19_KI270923v1_alt	KIR3DP1.0030601	KIR3DP1.025	NA	NA	52	47	63062;64045;65619;67452;67674	1	63062	0.903846
HG02257	2	chr19_KI270923v1_alt	KIR3DP1.0030601	KIR3DP1.0280101	NA	NA	52	47	63062;65619;67426;67452;67674	1	63062	0.903846
HG02257	2	chr19_KI270923v1_alt	KIR3DP1.0030601	KIR3DP1.0320101	NA	NA	52	47	63062;65619;67452;67474;67674	1	63062	0.903846
HG02257	2	chr19_KI270923v1_alt	KIR3DP1.0030601	KIR3DP1.034	NA	NA	52	47	63062;65619;67452;67498;67674	1	63062	0.903846
HG02257	2	chr19_KI270923v1_alt	KIR3DP1.0030601	KIR3DP1.037	NA	NA	52	47	63062;63988;65619;67452;67674	1	63062	0.903846
HG02257	2	chr19_KI270923v1_alt	KIR3DP1.0030601	KIR3DP1.038	NA	NA	52	47	63062;65619;67452;67531;67674	1	63062	0.903846
HG02257	2	chr19_KI270923v1_alt	KIR3DP1.0030601	KIR3DP1.044	NA	NA	52	47	63062;65619;65714;67452;67674	1	63062	0.903846
HG02257	2	chr19_KI270923v1_alt	KIR3DP1.0030601	KIR3DP1.046	NA	NA	52	47	63062;64095;65619;67452;67674	1	63062	0.903846
HG02257	2	chr19_KI270923v1_alt	KIR3DP1.0030601	KIR3DP1.049	NA	NA	52	47	63062;65619;65834;67452;67674	1	63062	0.903846
HG02257	2	chr19_KI270923v1_alt	KIR3DP1.00310	KIR3DP1.00311	NA	NA	52	47	63062;65619;65835;67407;67674	1	63062	0.903846
HG02257	2	chr19_KI270923v1_alt	KIR3DP1.00310	KIR3DP1.00312	NA	NA	52	47	63062;65619;65835;67425;67674	1	63062	0.903846
HG02257	2	chr19_KI270923v1_alt	KIR3DP1.00310	KIR3DP1.008	NA	NA	52	47	63062;65619;65731;65835;67674	1	63062	0.903846
HG02257	2	chr19_KI270923v1_alt	KIR3DP1.00310	KIR3DP1.013	NA	NA	52	47	63062;65619;65835;67531;67674	1	63062	0.903846
HG02257	2	chr19_KI270923v1_alt	KIR3DP1.00310	KIR3DP1.0140101	NA	NA	52	47	63062;63849;65619;65835;67674	1	63062	0.903846
HG02257	2	chr19_KI270923v1_alt	KIR3DP1.00310	KIR3DP1.0150101	NA	NA	52	47	63062;65619;65687;65835;67674	1	63062	0.903846
HG02257	2	chr19_KI270923v1_alt	KIR3DP1.00310	KIR3DP1.017	NA	NA	52	47	63062;65619;65797;65835;67674	1	63062	0.903846
HG02257	2	chr19_KI270923v1_alt	KIR3DP1.00310	KIR3DP1.025	NA	NA	52	47	63062;64045;65619;65835;67674	1	63062	0.903846
HG02257	2	chr19_KI270923v1_alt	KIR3DP1.00310	KIR3DP1.0280101	NA	NA	52	47	63062;65619;65835;67426;67674	1	63062	0.903846
HG02257	2	chr19_KI270923v1_alt	KIR3DP1.00310	KIR3DP1.0320101	NA	NA	52	47	63062;65619;65835;67474;67674	1	63062	0.903846
HG02257	2	chr19_KI270923v1_alt	KIR3DP1.00310	KIR3DP1.034	NA	NA	52	47	63062;65619;65835;67498;67674	1	63062	0.903846
HG02257	2	chr19_KI270923v1_alt	KIR3DP1.00310	KIR3DP1.037	NA	NA	52	47	63062;63988;65619;65835;67674	1	63062	0.903846
HG02257	2	chr19_KI270923v1_alt	KIR3DP1.00310	KIR3DP1.038	NA	NA	52	47	63062;65619;65835;67531;67674	1	63062	0.903846
HG02257	2	chr19_KI270923v1_alt	KIR3DP1.00310	KIR3DP1.044	NA	NA	52	47	63062;65619;65714;65835;67674	1	63062	0.903846
HG02257	2	chr19_KI270923v1_alt	KIR3DP1.00310	KIR3DP1.046	NA	NA	52	47	63062;64095;65619;65835;67674	1	63062	0.903846
HG02257	2	chr19_KI270923v1_alt	KIR3DP1.00310	KIR3DP1.049	NA	NA	52	47	63062;65619;65834;65835;67674	1	63062	0.903846
HG02257	2	chr19_KI270923v1_alt	KIR3DP1.00311	KIR3DP1.00312	NA	NA	52	47	63062;65619;67407;67425;67674	1	63062	0.903846
HG02257	2	chr19_KI270923v1_alt	KIR3DP1.00311	KIR3DP1.008	NA	NA	52	47	63062;65619;65731;67407;67674	1	63062	0.903846
HG02257	2	chr19_KI270923v1_alt	KIR3DP1.00311	KIR3DP1.013	NA	NA	52	47	63062;65619;67407;67531;67674	1	63062	0.903846
HG02257	2	chr19_KI270923v1_alt	KIR3DP1.00311	KIR3DP1.0140101	NA	NA	52	47	63062;63849;65619;67407;67674	1	63062	0.903846
HG02257	2	chr19_KI270923v1_alt	KIR3DP1.00311	KIR3DP1.0150101	NA	NA	52	47	63062;65619;65687;67407;67674	1	63062	0.903846
HG02257	2	chr19_KI270923v1_alt	KIR3DP1.00311	KIR3DP1.017	NA	NA	52	47	63062;65619;65797;67407;67674	1	63062	0.903846
HG02257	2	chr19_KI270923v1_alt	KIR3DP1.00311	KIR3DP1.025	NA	NA	52	47	63062;64045;65619;67407;67674	1	63062	0.903846
HG02257	2	chr19_KI270923v1_alt	KIR3DP1.00311	KIR3DP1.0280101	NA	NA	52	47	63062;65619;67407;67426;67674	1	63062	0.903846
HG02257	2	chr19_KI270923v1_alt	KIR3DP1.00311	KIR3DP1.0320101	NA	NA	52	47	63062;65619;67407;67474;67674	1	63062	0.903846
HG02257	2	chr19_KI270923v1_alt	KIR3DP1.00311	KIR3DP1.034	NA	NA	52	47	63062;65619;67407;67498;67674	1	63062	0.903846
HG02257	2	chr19_KI270923v1_alt	KIR3DP1.00311	KIR3DP1.037	NA	NA	52	47	63062;63988;65619;67407;67674	1	63062	0.903846
HG02257	2	chr19_KI270923v1_alt	KIR3DP1.00311	KIR3DP1.038	NA	NA	52	47	63062;65619;67407;67531;67674	1	63062	0.903846
HG02257	2	chr19_KI270923v1_alt	KIR3DP1.00311	KIR3DP1.044	NA	NA	52	47	63062;65619;65714;67407;67674	1	63062	0.903846
HG02257	2	chr19_KI270923v1_alt	KIR3DP1.00311	KIR3DP1.046	NA	NA	52	47	63062;64095;65619;67407;67674	1	63062	0.903846
HG02257	2	chr19_KI270923v1_alt	KIR3DP1.00311	KIR3DP1.049	NA	NA	52	47	63062;65619;65834;67407;67674	1	63062	0.903846
HG02257	2	chr19_KI270923v1_alt	KIR3DP1.00312	KIR3DP1.008	NA	NA	52	47	63062;65619;65731;67425;67674	1	63062	0.903846
HG02257	2	chr19_KI270923v1_alt	KIR3DP1.00312	KIR3DP1.013	NA	NA	52	47	63062;65619;67425;67531;67674	1	63062	0.903846
HG02257	2	chr19_KI270923v1_alt	KIR3DP1.00312	KIR3DP1.0140101	NA	NA	52	47	63062;63849;65619;67425;67674	1	63062	0.903846
HG02257	2	chr19_KI270923v1_alt	KIR3DP1.00312	KIR3DP1.0150101	NA	NA	52	47	63062;65619;65687;67425;67674	1	63062	0.903846
HG02257	2	chr19_KI270923v1_alt	KIR3DP1.00312	KIR3DP1.017	NA	NA	52	47	63062;65619;65797;67425;67674	1	63062	0.903846
HG02257	2	chr19_KI270923v1_alt	KIR3DP1.00312	KIR3DP1.025	NA	NA	52	47	63062;64045;65619;67425;67674	1	63062	0.903846
HG02257	2	chr19_KI270923v1_alt	KIR3DP1.00312	KIR3DP1.0280101	NA	NA	52	47	63062;65619;67425;67426;67674	1	63062	0.903846
HG02257	2	chr19_KI270923v1_alt	KIR3DP1.00312	KIR3DP1.0320101	NA	NA	52	47	63062;65619;67425;67474;67674	1	63062	0.903846
HG02257	2	chr19_KI270923v1_alt	KIR3DP1.00312	KIR3DP1.034	NA	NA	52	47	63062;65619;67425;67498;67674	1	63062	0.903846
HG02257	2	chr19_KI270923v1_alt	KIR3DP1.00312	KIR3DP1.037	NA	NA	52	47	63062;63988;65619;67425;67674	1	63062	0.903846
HG02257	2	chr19_KI270923v1_alt	KIR3DP1.00312	KIR3DP1.038	NA	NA	52	47	63062;65619;67425;67531;67674	1	63062	0.903846
HG02257	2	chr19_KI270923v1_alt	KIR3DP1.00312	KIR3DP1.044	NA	NA	52	47	63062;65619;65714;67425;67674	1	63062	0.903846
HG02257	2	chr19_KI270923v1_alt	KIR3DP1.00312	KIR3DP1.046	NA	NA	52	47	63062;64095;65619;67425;67674	1	63062	0.903846
HG02257	2	chr19_KI270923v1_alt	KIR3DP1.00312	KIR3DP1.049	NA	NA	52	47	63062;65619;65834;67425;67674	1	63062	0.903846
HG02257	2	chr19_KI270923v1_alt	KIR3DP1.008	KIR3DP1.013	NA	NA	52	47	63062;65619;65731;67531;67674	1	63062	0.903846
HG02257	2	chr19_KI270923v1_alt	KIR3DP1.008	KIR3DP1.0140101	NA	NA	52	47	63062;63849;65619;65731;67674	1	63062	0.903846
HG02257	2	chr19_KI270923v1_alt	KIR3DP1.008	KIR3DP1.0150101	NA	NA	52	47	63062;65619;65687;65731;67674	1	63062	0.903846
HG02257	2	chr19_KI270923v1_alt	KIR3DP1.008	KIR3DP1.017	NA	NA	52	47	63062;65619;65731;65797;67674	1	63062	0.903846
HG02257	2	chr19_KI270923v1_alt	KIR3DP1.008	KIR3DP1.025	NA	NA	52	47	63062;64045;65619;65731;67674	1	63062	0.903846
HG02257	2	chr19_KI270923v1_alt	KIR3DP1.008	KIR3DP1.0280101	NA	NA	52	47	63062;65619;65731;67426;67674	1	63062	0.903846
HG02257	2	chr19_KI270923v1_alt	KIR3DP1.008	KIR3DP1.0320101	NA	NA	52	47	63062;65619;65731;67474;67674	1	63062	0.903846
HG02257	2	chr19_KI270923v1_alt	KIR3DP1.008	KIR3DP1.034	NA	NA	52	47	63062;65619;65731;67498;67674	1	63062	0.903846
HG02257	2	chr19_KI270923v1_alt	KIR3DP1.008	KIR3DP1.037	NA	NA	52	47	63062;63988;65619;65731;67674	1	63062	0.903846
HG02257	2	chr19_KI270923v1_alt	KIR3DP1.008	KIR3DP1.038	NA	NA	52	47	63062;65619;65731;67531;67674	1	63062	0.903846
HG02257	2	chr19_KI270923v1_alt	KIR3DP1.008	KIR3DP1.044	NA	NA	52	47	63062;65619;65714;65731;67674	1	63062	0.903846
HG02257	2	chr19_KI270923v1_alt	KIR3DP1.008	KIR3DP1.046	NA	NA	52	47	63062;64095;65619;65731;67674	1	63062	0.903846
HG02257	2	chr19_KI270923v1_alt	KIR3DP1.008	KIR3DP1.049	NA	NA	52	47	63062;65619;65731;65834;67674	1	63062	0.903846
HG02257	2	chr19_KI270923v1_alt	KIR3DP1.013	KIR3DP1.0140101	NA	NA	52	47	63062;63849;65619;67531;67674	1	63062	0.903846
HG02257	2	chr19_KI270923v1_alt	KIR3DP1.013	KIR3DP1.0150101	NA	NA	52	47	63062;65619;65687;67531;67674	1	63062	0.903846
HG02257	2	chr19_KI270923v1_alt	KIR3DP1.013	KIR3DP1.017	NA	NA	52	47	63062;65619;65797;67531;67674	1	63062	0.903846
HG02257	2	chr19_KI270923v1_alt	KIR3DP1.013	KIR3DP1.025	NA	NA	52	47	63062;64045;65619;67531;67674	1	63062	0.903846
HG02257	2	chr19_KI270923v1_alt	KIR3DP1.013	KIR3DP1.0280101	NA	NA	52	47	63062;65619;67426;67531;67674	1	63062	0.903846
HG02257	2	chr19_KI270923v1_alt	KIR3DP1.013	KIR3DP1.0320101	NA	NA	52	47	63062;65619;67474;67531;67674	1	63062	0.903846
HG02257	2	chr19_KI270923v1_alt	KIR3DP1.013	KIR3DP1.034	NA	NA	52	47	63062;65619;67498;67531;67674	1	63062	0.903846
HG02257	2	chr19_KI270923v1_alt	KIR3DP1.013	KIR3DP1.037	NA	NA	52	47	63062;63988;65619;67531;67674	1	63062	0.903846
HG02257	2	chr19_KI270923v1_alt	KIR3DP1.013	KIR3DP1.044	NA	NA	52	47	63062;65619;65714;67531;67674	1	63062	0.903846
HG02257	2	chr19_KI270923v1_alt	KIR3DP1.013	KIR3DP1.046	NA	NA	52	47	63062;64095;65619;67531;67674	1	63062	0.903846
HG02257	2	chr19_KI270923v1_alt	KIR3DP1.013	KIR3DP1.049	NA	NA	52	47	63062;65619;65834;67531;67674	1	63062	0.903846
HG02257	2	chr19_KI270923v1_alt	KIR3DP1.0140101	KIR3DP1.0150101	NA	NA	52	47	63062;63849;65619;65687;67674	1	63062	0.903846
HG02257	2	chr19_KI270923v1_alt	KIR3DP1.0140101	KIR3DP1.017	NA	NA	52	47	63062;63849;65619;65797;67674	1	63062	0.903846
HG02257	2	chr19_KI270923v1_alt	KIR3DP1.0140101	KIR3DP1.025	NA	NA	52	47	63062;63849;64045;65619;67674	1	63062	0.903846
HG02257	2	chr19_KI270923v1_alt	KIR3DP1.0140101	KIR3DP1.0280101	NA	NA	52	47	63062;63849;65619;67426;67674	1	63062	0.903846
HG02257	2	chr19_KI270923v1_alt	KIR3DP1.0140101	KIR3DP1.0320101	NA	NA	52	47	63062;63849;65619;67474;67674	1	63062	0.903846
HG02257	2	chr19_KI270923v1_alt	KIR3DP1.0140101	KIR3DP1.034	NA	NA	52	47	63062;63849;65619;67498;67674	1	63062	0.903846
HG02257	2	chr19_KI270923v1_alt	KIR3DP1.0140101	KIR3DP1.037	NA	NA	52	47	63062;63849;63988;65619;67674	1	63062	0.903846
HG02257	2	chr19_KI270923v1_alt	KIR3DP1.0140101	KIR3DP1.038	NA	NA	52	47	63062;63849;65619;67531;67674	1	63062	0.903846
HG02257	2	chr19_KI270923v1_alt	KIR3DP1.0140101	KIR3DP1.044	NA	NA	52	47	63062;63849;65619;65714;67674	1	63062	0.903846
HG02257	2	chr19_KI270923v1_alt	KIR3DP1.0140101	KIR3DP1.046	NA	NA	52	47	63062;63849;64095;65619;67674	1	63062	0.903846
HG02257	2	chr19_KI270923v1_alt	KIR3DP1.0140101	KIR3DP1.049	NA	NA	52	47	63062;63849;65619;65834;67674	1	63062	0.903846
HG02257	2	chr19_KI270923v1_alt	KIR3DP1.0150101	KIR3DP1.017	NA	NA	52	47	63062;65619;65687;65797;67674	1	63062	0.903846
HG02257	2	chr19_KI270923v1_alt	KIR3DP1.0150101	KIR3DP1.025	NA	NA	52	47	63062;64045;65619;65687;67674	1	63062	0.903846
HG02257	2	chr19_KI270923v1_alt	KIR3DP1.0150101	KIR3DP1.0280101	NA	NA	52	47	63062;65619;65687;67426;67674	1	63062	0.903846
HG02257	2	chr19_KI270923v1_alt	KIR3DP1.0150101	KIR3DP1.0320101	NA	NA	52	47	63062;65619;65687;67474;67674	1	63062	0.903846
HG02257	2	chr19_KI270923v1_alt	KIR3DP1.0150101	KIR3DP1.034	NA	NA	52	47	63062;65619;65687;67498;67674	1	63062	0.903846
HG02257	2	chr19_KI270923v1_alt	KIR3DP1.0150101	KIR3DP1.037	NA	NA	52	47	63062;63988;65619;65687;67674	1	63062	0.903846
HG02257	2	chr19_KI270923v1_alt	KIR3DP1.0150101	KIR3DP1.038	NA	NA	52	47	63062;65619;65687;67531;67674	1	63062	0.903846
HG02257	2	chr19_KI270923v1_alt	KIR3DP1.0150101	KIR3DP1.044	NA	NA	52	47	63062;65619;65687;65714;67674	1	63062	0.903846
HG02257	2	chr19_KI270923v1_alt	KIR3DP1.0150101	KIR3DP1.046	NA	NA	52	47	63062;64095;65619;65687;67674	1	63062	0.903846
HG02257	2	chr19_KI270923v1_alt	KIR3DP1.0150101	KIR3DP1.049	NA	NA	52	47	63062;65619;65687;65834;67674	1	63062	0.903846
HG02257	2	chr19_KI270923v1_alt	KIR3DP1.017	KIR3DP1.025	NA	NA	52	47	63062;64045;65619;65797;67674	1	63062	0.903846
HG02257	2	chr19_KI270923v1_alt	KIR3DP1.017	KIR3DP1.0280101	NA	NA	52	47	63062;65619;65797;67426;67674	1	63062	0.903846
HG02257	2	chr19_KI270923v1_alt	KIR3DP1.017	KIR3DP1.0320101	NA	NA	52	47	63062;65619;65797;67474;67674	1	63062	0.903846
HG02257	2	chr19_KI270923v1_alt	KIR3DP1.017	KIR3DP1.034	NA	NA	52	47	63062;65619;65797;67498;67674	1	63062	0.903846
HG02257	2	chr19_KI270923v1_alt	KIR3DP1.017	KIR3DP1.037	NA	NA	52	47	63062;63988;65619;65797;67674	1	63062	0.903846
HG02257	2	chr19_KI270923v1_alt	KIR3DP1.017	KIR3DP1.038	NA	NA	52	47	63062;65619;65797;67531;67674	1	63062	0.903846
HG02257	2	chr19_KI270923v1_alt	KIR3DP1.017	KIR3DP1.044	NA	NA	52	47	63062;65619;65714;65797;67674	1	63062	0.903846
HG02257	2	chr19_KI270923v1_alt	KIR3DP1.017	KIR3DP1.046	NA	NA	52	47	63062;64095;65619;65797;67674	1	63062	0.903846
HG02257	2	chr19_KI270923v1_alt	KIR3DP1.017	KIR3DP1.049	NA	NA	52	47	63062;65619;65797;65834;67674	1	63062	0.903846
HG02257	2	chr19_KI270923v1_alt	KIR3DP1.025	KIR3DP1.0280101	NA	NA	52	47	63062;64045;65619;67426;67674	1	63062	0.903846
HG02257	2	chr19_KI270923v1_alt	KIR3DP1.025	KIR3DP1.0320101	NA	NA	52	47	63062;64045;65619;67474;67674	1	63062	0.903846
HG02257	2	chr19_KI270923v1_alt	KIR3DP1.025	KIR3DP1.034	NA	NA	52	47	63062;64045;65619;67498;67674	1	63062	0.903846
HG02257	2	chr19_KI270923v1_alt	KIR3DP1.025	KIR3DP1.037	NA	NA	52	47	63062;63988;64045;65619;67674	1	63062	0.903846
HG02257	2	chr19_KI270923v1_alt	KIR3DP1.025	KIR3DP1.038	NA	NA	52	47	63062;64045;65619;67531;67674	1	63062	0.903846
HG02257	2	chr19_KI270923v1_alt	KIR3DP1.025	KIR3DP1.044	NA	NA	52	47	63062;64045;65619;65714;67674	1	63062	0.903846
HG02257	2	chr19_KI270923v1_alt	KIR3DP1.025	KIR3DP1.046	NA	NA	52	47	63062;64045;64095;65619;67674	1	63062	0.903846
HG02257	2	chr19_KI270923v1_alt	KIR3DP1.025	KIR3DP1.049	NA	NA	52	47	63062;64045;65619;65834;67674	1	63062	0.903846
HG02257	2	chr19_KI270923v1_alt	KIR3DP1.0280101	KIR3DP1.0320101	NA	NA	52	47	63062;65619;67426;67474;67674	1	63062	0.903846
HG02257	2	chr19_KI270923v1_alt	KIR3DP1.0280101	KIR3DP1.034	NA	NA	52	47	63062;65619;67426;67498;67674	1	63062	0.903846
HG02257	2	chr19_KI270923v1_alt	KIR3DP1.0280101	KIR3DP1.037	NA	NA	52	47	63062;63988;65619;67426;67674	1	63062	0.903846
HG02257	2	chr19_KI270923v1_alt	KIR3DP1.0280101	KIR3DP1.038	NA	NA	52	47	63062;65619;67426;67531;67674	1	63062	0.903846
HG02257	2	chr19_KI270923v1_alt	KIR3DP1.0280101	KIR3DP1.044	NA	NA	52	47	63062;65619;65714;67426;67674	1	63062	0.903846
HG02257	2	chr19_KI270923v1_alt	KIR3DP1.0280101	KIR3DP1.046	NA	NA	52	47	63062;64095;65619;67426;67674	1	63062	0.903846
HG02257	2	chr19_KI270923v1_alt	KIR3DP1.0280101	KIR3DP1.049	NA	NA	52	47	63062;65619;65834;67426;67674	1	63062	0.903846
HG02257	2	chr19_KI270923v1_alt	KIR3DP1.0320101	KIR3DP1.034	NA	NA	52	47	63062;65619;67474;67498;67674	1	63062	0.903846
HG02257	2	chr19_KI270923v1_alt	KIR3DP1.0320101	KIR3DP1.037	NA	NA	52	47	63062;63988;65619;67474;67674	1	63062	0.903846
HG02257	2	chr19_KI270923v1_alt	KIR3DP1.0320101	KIR3DP1.038	NA	NA	52	47	63062;65619;67474;67531;67674	1	63062	0.903846
HG02257	2	chr19_KI270923v1_alt	KIR3DP1.0320101	KIR3DP1.044	NA	NA	52	47	63062;65619;65714;67474;67674	1	63062	0.903846
HG02257	2	chr19_KI270923v1_alt	KIR3DP1.0320101	KIR3DP1.046	NA	NA	52	47	63062;64095;65619;67474;67674	1	63062	0.903846
HG02257	2	chr19_KI270923v1_alt	KIR3DP1.0320101	KIR3DP1.049	NA	NA	52	47	63062;65619;65834;67474;67674	1	63062	0.903846
HG02257	2	chr19_KI270923v1_alt	KIR3DP1.034	KIR3DP1.037	NA	NA	52	47	63062;63988;65619;67498;67674	1	63062	0.903846
HG02257	2	chr19_KI270923v1_alt	KIR3DP1.034	KIR3DP1.038	NA	NA	52	47	63062;65619;67498;67531;67674	1	63062	0.903846
HG02257	2	chr19_KI270923v1_alt	KIR3DP1.034	KIR3DP1.044	NA	NA	52	47	63062;65619;65714;67498;67674	1	63062	0.903846
HG02257	2	chr19_KI270923v1_alt	KIR3DP1.034	KIR3DP1.046	NA	NA	52	47	63062;64095;65619;67498;67674	1	63062	0.903846
HG02257	2	chr19_KI270923v1_alt	KIR3DP1.034	KIR3DP1.049	NA	NA	52	47	63062;65619;65834;67498;67674	1	63062	0.903846
HG02257	2	chr19_KI270923v1_alt	KIR3DP1.037	KIR3DP1.038	NA	NA	52	47	63062;63988;65619;67531;67674	1	63062	0.903846
HG02257	2	chr19_KI270923v1_alt	KIR3DP1.037	KIR3DP1.044	NA	NA	52	47	63062;63988;65619;65714;67674	1	63062	0.903846
HG02257	2	chr19_KI270923v1_alt	KIR3DP1.037	KIR3DP1.046	NA	NA	52	47	63062;63988;64095;65619;67674	1	63062	0.903846
HG02257	2	chr19_KI270923v1_alt	KIR3DP1.037	KIR3DP1.049	NA	NA	52	47	63062;63988;65619;65834;67674	1	63062	0.903846
HG02257	2	chr19_KI270923v1_alt	KIR3DP1.038	KIR3DP1.044	NA	NA	52	47	63062;65619;65714;67531;67674	1	63062	0.903846
HG02257	2	chr19_KI270923v1_alt	KIR3DP1.038	KIR3DP1.046	NA	NA	52	47	63062;64095;65619;67531;67674	1	63062	0.903846
HG02257	2	chr19_KI270923v1_alt	KIR3DP1.038	KIR3DP1.049	NA	NA	52	47	63062;65619;65834;67531;67674	1	63062	0.903846
HG02257	2	chr19_KI270923v1_alt	KIR3DP1.044	KIR3DP1.046	NA	NA	52	47	63062;64095;65619;65714;67674	1	63062	0.903846
HG02257	2	chr19_KI270923v1_alt	KIR3DP1.044	KIR3DP1.049	NA	NA	52	47	63062;65619;65714;65834;67674	1	63062	0.903846
HG02257	2	chr19_KI270923v1_alt	KIR3DP1.046	KIR3DP1.049	NA	NA	52	47	63062;64095;65619;65834;67674	1	63062	0.903846
