Sample	Copy_number	Chr	Allele_A	Allele_B	Allele_C	Allele_D	Tested_genotypes	Valid_genotypes	Error_list	Missed_genotypes	Missed_list	Ratio
HG01952	1	chr19_KI270921v1_alt	KIR2DL2.0010101	KIR2DL2*null	NA	NA	23	23	none	6	66470;67174;67220;67221;67234;67242	1.000000
HG01952	1	chr19_KI270921v1_alt	KIR2DL2.0010102	KIR2DL2*null	NA	NA	23	23	none	6	66470;67174;67220;67221;67234;67242	1.000000
HG01952	1	chr19_KI270921v1_alt	KIR2DL2.0010104	KIR2DL2*null	NA	NA	23	23	none	6	66470;67174;67220;67221;67234;67242	1.000000
HG01952	1	chr19_KI270921v1_alt	KIR2DL2.00103	KIR2DL2*null	NA	NA	23	23	none	6	66470;67174;67220;67221;67234;67242	1.000000
HG01952	1	chr19_KI270921v1_alt	KIR2DL2.005	KIR2DL2*null	NA	NA	23	23	none	6	66470;67174;67220;67221;67234;67242	1.000000
HG01952	1	chr19_KI270921v1_alt	KIR2DL2.00102	KIR2DL2*null	NA	NA	23	22	56911	6	66470;67174;67220;67221;67234;67242	0.956522
HG01952	1	chr19_KI270921v1_alt	KIR2DL2.002	KIR2DL2*null	NA	NA	23	22	66990	6	66470;67174;67220;67221;67234;67242	0.956522
HG01952	1	chr19_KI270921v1_alt	KIR2DL2.0030101	KIR2DL2*null	NA	NA	23	22	58784	6	66470;67174;67220;67221;67234;67242	0.956522
HG01952	1	chr19_KI270921v1_alt	KIR2DL2.0030102	KIR2DL2*null	NA	NA	23	22	58784	6	66470;67174;67220;67221;67234;67242	0.956522
HG01952	1	chr19_KI270921v1_alt	KIR2DL2.0030103	KIR2DL2*null	NA	NA	23	22	58784	6	66470;67174;67220;67221;67234;67242	0.956522
HG01952	1	chr19_KI270921v1_alt	KIR2DL2.0030104	KIR2DL2*null	NA	NA	23	22	58784	6	66470;67174;67220;67221;67234;67242	0.956522
HG01952	1	chr19_KI270921v1_alt	KIR2DL2.007	KIR2DL2*null	NA	NA	23	22	66422	6	66470;67174;67220;67221;67234;67242	0.956522
HG01952	1	chr19_KI270921v1_alt	KIR2DL2.016	KIR2DL2*null	NA	NA	23	22	58657	6	66470;67174;67220;67221;67234;67242	0.956522
HG01952	1	chr19_KI270921v1_alt	KIR2DL2.00302	KIR2DL2*null	NA	NA	23	21	58784;66975	6	66470;67174;67220;67221;67234;67242	0.913043
HG01952	1	chr19_KI270921v1_alt	KIR2DL2.00303	KIR2DL2*null	NA	NA	23	21	56854;58784	6	66470;67174;67220;67221;67234;67242	0.913043
HG01952	1	chr19_KI270921v1_alt	KIR2DL2.00304	KIR2DL2*null	NA	NA	23	21	56896;58784	6	66470;67174;67220;67221;67234;67242	0.913043
HG01952	1	chr19_KI270921v1_alt	KIR2DL2.00601	KIR2DL2*null	NA	NA	23	21	56718;58784	6	66470;67174;67220;67221;67234;67242	0.913043
HG01952	1	chr19_KI270921v1_alt	KIR2DL2.008	KIR2DL2*null	NA	NA	23	21	66460;66975	6	66470;67174;67220;67221;67234;67242	0.913043
HG01952	1	chr19_KI270921v1_alt	KIR2DL2.009	KIR2DL2*null	NA	NA	23	21	58627;58784	6	66470;67174;67220;67221;67234;67242	0.913043
HG01952	1	chr19_KI270921v1_alt	KIR2DL2.012	KIR2DL2*null	NA	NA	23	21	56679;58784	6	66470;67174;67220;67221;67234;67242	0.913043
HG01952	1	chr19_KI270921v1_alt	KIR2DL2.013	KIR2DL2*null	NA	NA	23	21	58784;66975	6	66470;67174;67220;67221;67234;67242	0.913043
HG01952	1	chr19_KI270921v1_alt	KIR2DL2.00602	KIR2DL2*null	NA	NA	23	20	56718;56764;58784	6	66470;67174;67220;67221;67234;67242	0.869565
HG01952	1	chr19_KI270921v1_alt	KIR2DL2.010	KIR2DL2*null	NA	NA	23	20	66460;66975;67101	6	66470;67174;67220;67221;67234;67242	0.869565
HG01952	1	chr19_KI270921v1_alt	KIR2DL2.014	KIR2DL2*null	NA	NA	23	20	56726;58592;58784	6	66470;67174;67220;67221;67234;67242	0.869565
HG01952	1	chr19_KI270921v1_alt	KIR2DL2.015	KIR2DL2*null	NA	NA	23	20	56718;56854;58627	6	66470;67174;67220;67221;67234;67242	0.869565
