Sample	Copy_number	Chr	Allele_A	Allele_B	Allele_C	Allele_D	Tested_genotypes	Valid_genotypes	Error_list	Missed_genotypes	Missed_list	Ratio
HG03579	2	chr19	KIR2DL1.00601	KIR2DL1.0510101	NA	NA	76	76	none	2	54775370;54775401	1.000000
HG03579	2	chr19	KIR2DL1.0040101	KIR2DL1.00601	NA	NA	76	75	54783763	2	54775370;54775401	0.986842
HG03579	2	chr19	KIR2DL1.0040102	KIR2DL1.00601	NA	NA	76	75	54783763	2	54775370;54775401	0.986842
HG03579	2	chr19	KIR2DL1.0040112	KIR2DL1.00601	NA	NA	76	75	54783763	2	54775370;54775401	0.986842
HG03579	2	chr19	KIR2DL1.00601	KIR2DL1.0540101	NA	NA	76	75	54773620	2	54775370;54775401	0.986842
HG03579	2	chr19	KIR2DL1.00402	KIR2DL1.00601	NA	NA	76	74	54783669;54783763	2	54775370;54775401	0.973684
HG03579	2	chr19	KIR2DL1.00403	KIR2DL1.00601	NA	NA	76	74	54783493;54783763	2	54775370;54775401	0.973684
HG03579	2	chr19	KIR2DL1.00404	KIR2DL1.00601	NA	NA	76	74	54775415;54783763	2	54775370;54775401	0.973684
HG03579	2	chr19	KIR2DL1.00405	KIR2DL1.00601	NA	NA	76	74	54773415;54783763	2	54775370;54775401	0.973684
HG03579	2	chr19	KIR2DL1.00406	KIR2DL1.00601	NA	NA	76	74	54773406;54783763	2	54775370;54775401	0.973684
HG03579	2	chr19	KIR2DL1.00601	KIR2DL1.007	NA	NA	76	74	54773620;54783763	2	54775370;54775401	0.973684
HG03579	2	chr19	KIR2DL1.00601	KIR2DL1.010	NA	NA	76	74	54783002;54783763	2	54775370;54775401	0.973684
HG03579	2	chr19	KIR2DL1.00601	KIR2DL1.01101	NA	NA	76	74	54782930;54783763	2	54775370;54775401	0.973684
HG03579	2	chr19	KIR2DL1.00601	KIR2DL1.013N	NA	NA	76	74	54773428;54783763	2	54775370;54775401	0.973684
HG03579	2	chr19	KIR2DL1.00601	KIR2DL1.024	NA	NA	76	74	54773492;54783763	2	54775370;54775401	0.973684
HG03579	2	chr19	KIR2DL1.00601	KIR2DL1.029	NA	NA	76	74	54773593;54783763	2	54775370;54775401	0.973684
HG03579	2	chr19	KIR2DL1.00601	KIR2DL1.035	NA	NA	76	74	54778656;54783763	2	54775370;54775401	0.973684
HG03579	2	chr19	KIR2DL1.00601	KIR2DL1.039	NA	NA	76	74	54782928;54783763	2	54775370;54775401	0.973684
HG03579	2	chr19	KIR2DL1.00601	KIR2DL1.041	NA	NA	76	74	54775225;54783763	2	54775370;54775401	0.973684
HG03579	2	chr19	KIR2DL1.00601	KIR2DL1.042	NA	NA	76	74	54773473;54783763	2	54775370;54775401	0.973684
HG03579	2	chr19	KIR2DL1.00601	KIR2DL1.050	NA	NA	76	74	54773519;54783763	2	54775370;54775401	0.973684
HG03579	2	chr19	KIR2DL1.00601	KIR2DL1.055	NA	NA	76	74	54773575;54783763	2	54775370;54775401	0.973684
HG03579	2	chr19	KIR2DL1.00601	KIR2DL1.056	NA	NA	76	74	54775401;54783763	2	54775370;54775401	0.973684
HG03579	2	chr19	KIR2DL1.00601	KIR2DL1.058	NA	NA	76	74	54783021;54783763	2	54775370;54775401	0.973684
HG03579	2	chr19	KIR2DL1.00601	KIR2DL1.070	NA	NA	76	74	54773369;54783763	2	54775370;54775401	0.973684
HG03579	2	chr19	KIR2DL1.035	KIR2DL1.0510101	NA	NA	76	73	54775198;54775317;54775343	2	54775370;54775401	0.960526
HG03579	2	chr19	KIR2DL1.0040101	KIR2DL1.035	NA	NA	76	72	54775198;54775317;54775343;54783763	2	54775370;54775401	0.947368
HG03579	2	chr19	KIR2DL1.0040101	KIR2DL1.0510101	NA	NA	76	72	54775198;54775317;54775343;54778656	2	54775370;54775401	0.947368
HG03579	2	chr19	KIR2DL1.0040102	KIR2DL1.035	NA	NA	76	72	54775198;54775317;54775343;54783763	2	54775370;54775401	0.947368
HG03579	2	chr19	KIR2DL1.0040102	KIR2DL1.0510101	NA	NA	76	72	54775198;54775317;54775343;54778656	2	54775370;54775401	0.947368
HG03579	2	chr19	KIR2DL1.0040112	KIR2DL1.035	NA	NA	76	72	54775198;54775317;54775343;54783763	2	54775370;54775401	0.947368
HG03579	2	chr19	KIR2DL1.0040112	KIR2DL1.0510101	NA	NA	76	72	54775198;54775317;54775343;54778656	2	54775370;54775401	0.947368
HG03579	2	chr19	KIR2DL1.035	KIR2DL1.0540101	NA	NA	76	72	54773620;54775198;54775317;54775343	2	54775370;54775401	0.947368
HG03579	2	chr19	KIR2DL1.035	KIR2DL1.056	NA	NA	76	72	54775198;54775317;54775343;54783763	2	54775370;54775401	0.947368
HG03579	2	chr19	KIR2DL1.0510101	KIR2DL1.056	NA	NA	76	72	54775198;54775317;54775343;54778656	2	54775370;54775401	0.947368
HG03579	2	chr19	KIR2DL1.0040101	KIR2DL1.0040101	NA	NA	76	71	54775198;54775317;54775343;54778656;54783763	2	54775370;54775401	0.934211
HG03579	2	chr19	KIR2DL1.0040101	KIR2DL1.0040102	NA	NA	76	71	54775198;54775317;54775343;54778656;54783763	2	54775370;54775401	0.934211
HG03579	2	chr19	KIR2DL1.0040101	KIR2DL1.0040112	NA	NA	76	71	54775198;54775317;54775343;54778656;54783763	2	54775370;54775401	0.934211
HG03579	2	chr19	KIR2DL1.0040101	KIR2DL1.0540101	NA	NA	76	71	54773620;54775198;54775317;54775343;54778656	2	54775370;54775401	0.934211
HG03579	2	chr19	KIR2DL1.0040101	KIR2DL1.056	NA	NA	76	71	54775198;54775317;54775343;54778656;54783763	2	54775370;54775401	0.934211
HG03579	2	chr19	KIR2DL1.0040102	KIR2DL1.0040102	NA	NA	76	71	54775198;54775317;54775343;54778656;54783763	2	54775370;54775401	0.934211
HG03579	2	chr19	KIR2DL1.0040102	KIR2DL1.0040112	NA	NA	76	71	54775198;54775317;54775343;54778656;54783763	2	54775370;54775401	0.934211
HG03579	2	chr19	KIR2DL1.0040102	KIR2DL1.0540101	NA	NA	76	71	54773620;54775198;54775317;54775343;54778656	2	54775370;54775401	0.934211
HG03579	2	chr19	KIR2DL1.0040102	KIR2DL1.056	NA	NA	76	71	54775198;54775317;54775343;54778656;54783763	2	54775370;54775401	0.934211
HG03579	2	chr19	KIR2DL1.0040112	KIR2DL1.0040112	NA	NA	76	71	54775198;54775317;54775343;54778656;54783763	2	54775370;54775401	0.934211
HG03579	2	chr19	KIR2DL1.0040112	KIR2DL1.0540101	NA	NA	76	71	54773620;54775198;54775317;54775343;54778656	2	54775370;54775401	0.934211
HG03579	2	chr19	KIR2DL1.0040112	KIR2DL1.056	NA	NA	76	71	54775198;54775317;54775343;54778656;54783763	2	54775370;54775401	0.934211
HG03579	2	chr19	KIR2DL1.00402	KIR2DL1.035	NA	NA	76	71	54775198;54775317;54775343;54783669;54783763	2	54775370;54775401	0.934211
HG03579	2	chr19	KIR2DL1.00402	KIR2DL1.0510101	NA	NA	76	71	54775198;54775317;54775343;54778656;54783669	2	54775370;54775401	0.934211
HG03579	2	chr19	KIR2DL1.00403	KIR2DL1.035	NA	NA	76	71	54775198;54775317;54775343;54783493;54783763	2	54775370;54775401	0.934211
HG03579	2	chr19	KIR2DL1.00403	KIR2DL1.0510101	NA	NA	76	71	54775198;54775317;54775343;54778656;54783493	2	54775370;54775401	0.934211
HG03579	2	chr19	KIR2DL1.00404	KIR2DL1.035	NA	NA	76	71	54775198;54775317;54775343;54775415;54783763	2	54775370;54775401	0.934211
HG03579	2	chr19	KIR2DL1.00404	KIR2DL1.0510101	NA	NA	76	71	54775198;54775317;54775343;54775415;54778656	2	54775370;54775401	0.934211
HG03579	2	chr19	KIR2DL1.00405	KIR2DL1.035	NA	NA	76	71	54773415;54775198;54775317;54775343;54783763	2	54775370;54775401	0.934211
HG03579	2	chr19	KIR2DL1.00405	KIR2DL1.0510101	NA	NA	76	71	54773415;54775198;54775317;54775343;54778656	2	54775370;54775401	0.934211
HG03579	2	chr19	KIR2DL1.00406	KIR2DL1.035	NA	NA	76	71	54773406;54775198;54775317;54775343;54783763	2	54775370;54775401	0.934211
HG03579	2	chr19	KIR2DL1.00406	KIR2DL1.0510101	NA	NA	76	71	54773406;54775198;54775317;54775343;54778656	2	54775370;54775401	0.934211
HG03579	2	chr19	KIR2DL1.007	KIR2DL1.035	NA	NA	76	71	54773620;54775198;54775317;54775343;54783763	2	54775370;54775401	0.934211
HG03579	2	chr19	KIR2DL1.007	KIR2DL1.0510101	NA	NA	76	71	54773620;54775198;54775317;54775343;54778656	2	54775370;54775401	0.934211
HG03579	2	chr19	KIR2DL1.007	KIR2DL1.0540101	NA	NA	76	71	54773620;54775198;54775317;54775343;54778656	2	54775370;54775401	0.934211
HG03579	2	chr19	KIR2DL1.010	KIR2DL1.035	NA	NA	76	71	54775198;54775317;54775343;54783002;54783763	2	54775370;54775401	0.934211
HG03579	2	chr19	KIR2DL1.010	KIR2DL1.0510101	NA	NA	76	71	54775198;54775317;54775343;54778656;54783002	2	54775370;54775401	0.934211
HG03579	2	chr19	KIR2DL1.01101	KIR2DL1.035	NA	NA	76	71	54775198;54775317;54775343;54782930;54783763	2	54775370;54775401	0.934211
HG03579	2	chr19	KIR2DL1.01101	KIR2DL1.0510101	NA	NA	76	71	54775198;54775317;54775343;54778656;54782930	2	54775370;54775401	0.934211
HG03579	2	chr19	KIR2DL1.013N	KIR2DL1.035	NA	NA	76	71	54773428;54775198;54775317;54775343;54783763	2	54775370;54775401	0.934211
HG03579	2	chr19	KIR2DL1.013N	KIR2DL1.0510101	NA	NA	76	71	54773428;54775198;54775317;54775343;54778656	2	54775370;54775401	0.934211
HG03579	2	chr19	KIR2DL1.024	KIR2DL1.035	NA	NA	76	71	54773492;54775198;54775317;54775343;54783763	2	54775370;54775401	0.934211
HG03579	2	chr19	KIR2DL1.024	KIR2DL1.0510101	NA	NA	76	71	54773492;54775198;54775317;54775343;54778656	2	54775370;54775401	0.934211
HG03579	2	chr19	KIR2DL1.029	KIR2DL1.035	NA	NA	76	71	54773593;54775198;54775317;54775343;54783763	2	54775370;54775401	0.934211
HG03579	2	chr19	KIR2DL1.029	KIR2DL1.0510101	NA	NA	76	71	54773593;54775198;54775317;54775343;54778656	2	54775370;54775401	0.934211
HG03579	2	chr19	KIR2DL1.035	KIR2DL1.035	NA	NA	76	71	54775198;54775317;54775343;54778656;54783763	2	54775370;54775401	0.934211
HG03579	2	chr19	KIR2DL1.035	KIR2DL1.039	NA	NA	76	71	54775198;54775317;54775343;54782928;54783763	2	54775370;54775401	0.934211
HG03579	2	chr19	KIR2DL1.035	KIR2DL1.041	NA	NA	76	71	54775198;54775317;54775225;54775343;54783763	2	54775370;54775401	0.934211
HG03579	2	chr19	KIR2DL1.035	KIR2DL1.042	NA	NA	76	71	54773473;54775198;54775317;54775343;54783763	2	54775370;54775401	0.934211
HG03579	2	chr19	KIR2DL1.035	KIR2DL1.050	NA	NA	76	71	54773519;54775198;54775317;54775343;54783763	2	54775370;54775401	0.934211
HG03579	2	chr19	KIR2DL1.035	KIR2DL1.055	NA	NA	76	71	54773575;54775198;54775317;54775343;54783763	2	54775370;54775401	0.934211
HG03579	2	chr19	KIR2DL1.035	KIR2DL1.058	NA	NA	76	71	54775198;54775317;54775343;54783021;54783763	2	54775370;54775401	0.934211
HG03579	2	chr19	KIR2DL1.035	KIR2DL1.070	NA	NA	76	71	54773369;54775198;54775317;54775343;54783763	2	54775370;54775401	0.934211
HG03579	2	chr19	KIR2DL1.039	KIR2DL1.0510101	NA	NA	76	71	54775198;54775317;54775343;54778656;54782928	2	54775370;54775401	0.934211
HG03579	2	chr19	KIR2DL1.041	KIR2DL1.0510101	NA	NA	76	71	54775198;54775317;54775225;54775343;54778656	2	54775370;54775401	0.934211
HG03579	2	chr19	KIR2DL1.042	KIR2DL1.0510101	NA	NA	76	71	54773473;54775198;54775317;54775343;54778656	2	54775370;54775401	0.934211
HG03579	2	chr19	KIR2DL1.050	KIR2DL1.0510101	NA	NA	76	71	54773519;54775198;54775317;54775343;54778656	2	54775370;54775401	0.934211
HG03579	2	chr19	KIR2DL1.0510101	KIR2DL1.0510101	NA	NA	76	71	54775198;54775317;54775343;54778656;54783763	2	54775370;54775401	0.934211
HG03579	2	chr19	KIR2DL1.0510101	KIR2DL1.055	NA	NA	76	71	54773575;54775198;54775317;54775343;54778656	2	54775370;54775401	0.934211
HG03579	2	chr19	KIR2DL1.0510101	KIR2DL1.058	NA	NA	76	71	54775198;54775317;54775343;54778656;54783021	2	54775370;54775401	0.934211
HG03579	2	chr19	KIR2DL1.0510101	KIR2DL1.070	NA	NA	76	71	54773369;54775198;54775317;54775343;54778656	2	54775370;54775401	0.934211
HG03579	2	chr19	KIR2DL1.0540101	KIR2DL1.056	NA	NA	76	71	54773620;54775198;54775317;54775343;54778656	2	54775370;54775401	0.934211
HG03579	2	chr19	KIR2DL1.0040101	KIR2DL1.00402	NA	NA	76	70	54775198;54775317;54775343;54778656;54783669;54783763	2	54775370;54775401	0.921053
HG03579	2	chr19	KIR2DL1.0040101	KIR2DL1.00403	NA	NA	76	70	54775198;54775317;54775343;54778656;54783493;54783763	2	54775370;54775401	0.921053
HG03579	2	chr19	KIR2DL1.0040101	KIR2DL1.00404	NA	NA	76	70	54775198;54775317;54775343;54775415;54778656;54783763	2	54775370;54775401	0.921053
HG03579	2	chr19	KIR2DL1.0040101	KIR2DL1.00405	NA	NA	76	70	54773415;54775198;54775317;54775343;54778656;54783763	2	54775370;54775401	0.921053
HG03579	2	chr19	KIR2DL1.0040101	KIR2DL1.00406	NA	NA	76	70	54773406;54775198;54775317;54775343;54778656;54783763	2	54775370;54775401	0.921053
HG03579	2	chr19	KIR2DL1.0040101	KIR2DL1.007	NA	NA	76	70	54773620;54775198;54775317;54775343;54778656;54783763	2	54775370;54775401	0.921053
HG03579	2	chr19	KIR2DL1.0040101	KIR2DL1.010	NA	NA	76	70	54775198;54775317;54775343;54778656;54783002;54783763	2	54775370;54775401	0.921053
HG03579	2	chr19	KIR2DL1.0040101	KIR2DL1.01101	NA	NA	76	70	54775198;54775317;54775343;54778656;54782930;54783763	2	54775370;54775401	0.921053
HG03579	2	chr19	KIR2DL1.0040101	KIR2DL1.013N	NA	NA	76	70	54773428;54775198;54775317;54775343;54778656;54783763	2	54775370;54775401	0.921053
HG03579	2	chr19	KIR2DL1.0040101	KIR2DL1.024	NA	NA	76	70	54773492;54775198;54775317;54775343;54778656;54783763	2	54775370;54775401	0.921053
HG03579	2	chr19	KIR2DL1.0040101	KIR2DL1.029	NA	NA	76	70	54773593;54775198;54775317;54775343;54778656;54783763	2	54775370;54775401	0.921053
HG03579	2	chr19	KIR2DL1.0040101	KIR2DL1.039	NA	NA	76	70	54775198;54775317;54775343;54778656;54782928;54783763	2	54775370;54775401	0.921053
HG03579	2	chr19	KIR2DL1.0040101	KIR2DL1.041	NA	NA	76	70	54775198;54775317;54775225;54775343;54778656;54783763	2	54775370;54775401	0.921053
HG03579	2	chr19	KIR2DL1.0040101	KIR2DL1.042	NA	NA	76	70	54773473;54775198;54775317;54775343;54778656;54783763	2	54775370;54775401	0.921053
HG03579	2	chr19	KIR2DL1.0040101	KIR2DL1.050	NA	NA	76	70	54773519;54775198;54775317;54775343;54778656;54783763	2	54775370;54775401	0.921053
HG03579	2	chr19	KIR2DL1.0040101	KIR2DL1.055	NA	NA	76	70	54773575;54775198;54775317;54775343;54778656;54783763	2	54775370;54775401	0.921053
HG03579	2	chr19	KIR2DL1.0040101	KIR2DL1.058	NA	NA	76	70	54775198;54775317;54775343;54778656;54783021;54783763	2	54775370;54775401	0.921053
HG03579	2	chr19	KIR2DL1.0040101	KIR2DL1.070	NA	NA	76	70	54773369;54775198;54775317;54775343;54778656;54783763	2	54775370;54775401	0.921053
HG03579	2	chr19	KIR2DL1.0040102	KIR2DL1.00402	NA	NA	76	70	54775198;54775317;54775343;54778656;54783669;54783763	2	54775370;54775401	0.921053
HG03579	2	chr19	KIR2DL1.0040102	KIR2DL1.00403	NA	NA	76	70	54775198;54775317;54775343;54778656;54783493;54783763	2	54775370;54775401	0.921053
HG03579	2	chr19	KIR2DL1.0040102	KIR2DL1.00404	NA	NA	76	70	54775198;54775317;54775343;54775415;54778656;54783763	2	54775370;54775401	0.921053
HG03579	2	chr19	KIR2DL1.0040102	KIR2DL1.00405	NA	NA	76	70	54773415;54775198;54775317;54775343;54778656;54783763	2	54775370;54775401	0.921053
HG03579	2	chr19	KIR2DL1.0040102	KIR2DL1.00406	NA	NA	76	70	54773406;54775198;54775317;54775343;54778656;54783763	2	54775370;54775401	0.921053
HG03579	2	chr19	KIR2DL1.0040102	KIR2DL1.007	NA	NA	76	70	54773620;54775198;54775317;54775343;54778656;54783763	2	54775370;54775401	0.921053
HG03579	2	chr19	KIR2DL1.0040102	KIR2DL1.010	NA	NA	76	70	54775198;54775317;54775343;54778656;54783002;54783763	2	54775370;54775401	0.921053
HG03579	2	chr19	KIR2DL1.0040102	KIR2DL1.01101	NA	NA	76	70	54775198;54775317;54775343;54778656;54782930;54783763	2	54775370;54775401	0.921053
HG03579	2	chr19	KIR2DL1.0040102	KIR2DL1.013N	NA	NA	76	70	54773428;54775198;54775317;54775343;54778656;54783763	2	54775370;54775401	0.921053
HG03579	2	chr19	KIR2DL1.0040102	KIR2DL1.024	NA	NA	76	70	54773492;54775198;54775317;54775343;54778656;54783763	2	54775370;54775401	0.921053
HG03579	2	chr19	KIR2DL1.0040102	KIR2DL1.029	NA	NA	76	70	54773593;54775198;54775317;54775343;54778656;54783763	2	54775370;54775401	0.921053
HG03579	2	chr19	KIR2DL1.0040102	KIR2DL1.039	NA	NA	76	70	54775198;54775317;54775343;54778656;54782928;54783763	2	54775370;54775401	0.921053
HG03579	2	chr19	KIR2DL1.0040102	KIR2DL1.041	NA	NA	76	70	54775198;54775317;54775225;54775343;54778656;54783763	2	54775370;54775401	0.921053
HG03579	2	chr19	KIR2DL1.0040102	KIR2DL1.042	NA	NA	76	70	54773473;54775198;54775317;54775343;54778656;54783763	2	54775370;54775401	0.921053
HG03579	2	chr19	KIR2DL1.0040102	KIR2DL1.050	NA	NA	76	70	54773519;54775198;54775317;54775343;54778656;54783763	2	54775370;54775401	0.921053
HG03579	2	chr19	KIR2DL1.0040102	KIR2DL1.055	NA	NA	76	70	54773575;54775198;54775317;54775343;54778656;54783763	2	54775370;54775401	0.921053
HG03579	2	chr19	KIR2DL1.0040102	KIR2DL1.058	NA	NA	76	70	54775198;54775317;54775343;54778656;54783021;54783763	2	54775370;54775401	0.921053
HG03579	2	chr19	KIR2DL1.0040102	KIR2DL1.070	NA	NA	76	70	54773369;54775198;54775317;54775343;54778656;54783763	2	54775370;54775401	0.921053
HG03579	2	chr19	KIR2DL1.0040112	KIR2DL1.00402	NA	NA	76	70	54775198;54775317;54775343;54778656;54783669;54783763	2	54775370;54775401	0.921053
HG03579	2	chr19	KIR2DL1.0040112	KIR2DL1.00403	NA	NA	76	70	54775198;54775317;54775343;54778656;54783493;54783763	2	54775370;54775401	0.921053
HG03579	2	chr19	KIR2DL1.0040112	KIR2DL1.00404	NA	NA	76	70	54775198;54775317;54775343;54775415;54778656;54783763	2	54775370;54775401	0.921053
HG03579	2	chr19	KIR2DL1.0040112	KIR2DL1.00405	NA	NA	76	70	54773415;54775198;54775317;54775343;54778656;54783763	2	54775370;54775401	0.921053
HG03579	2	chr19	KIR2DL1.0040112	KIR2DL1.00406	NA	NA	76	70	54773406;54775198;54775317;54775343;54778656;54783763	2	54775370;54775401	0.921053
HG03579	2	chr19	KIR2DL1.0040112	KIR2DL1.007	NA	NA	76	70	54773620;54775198;54775317;54775343;54778656;54783763	2	54775370;54775401	0.921053
HG03579	2	chr19	KIR2DL1.0040112	KIR2DL1.010	NA	NA	76	70	54775198;54775317;54775343;54778656;54783002;54783763	2	54775370;54775401	0.921053
HG03579	2	chr19	KIR2DL1.0040112	KIR2DL1.01101	NA	NA	76	70	54775198;54775317;54775343;54778656;54782930;54783763	2	54775370;54775401	0.921053
HG03579	2	chr19	KIR2DL1.0040112	KIR2DL1.013N	NA	NA	76	70	54773428;54775198;54775317;54775343;54778656;54783763	2	54775370;54775401	0.921053
HG03579	2	chr19	KIR2DL1.0040112	KIR2DL1.024	NA	NA	76	70	54773492;54775198;54775317;54775343;54778656;54783763	2	54775370;54775401	0.921053
HG03579	2	chr19	KIR2DL1.0040112	KIR2DL1.029	NA	NA	76	70	54773593;54775198;54775317;54775343;54778656;54783763	2	54775370;54775401	0.921053
HG03579	2	chr19	KIR2DL1.0040112	KIR2DL1.039	NA	NA	76	70	54775198;54775317;54775343;54778656;54782928;54783763	2	54775370;54775401	0.921053
HG03579	2	chr19	KIR2DL1.0040112	KIR2DL1.041	NA	NA	76	70	54775198;54775317;54775225;54775343;54778656;54783763	2	54775370;54775401	0.921053
HG03579	2	chr19	KIR2DL1.0040112	KIR2DL1.042	NA	NA	76	70	54773473;54775198;54775317;54775343;54778656;54783763	2	54775370;54775401	0.921053
HG03579	2	chr19	KIR2DL1.0040112	KIR2DL1.050	NA	NA	76	70	54773519;54775198;54775317;54775343;54778656;54783763	2	54775370;54775401	0.921053
HG03579	2	chr19	KIR2DL1.0040112	KIR2DL1.055	NA	NA	76	70	54773575;54775198;54775317;54775343;54778656;54783763	2	54775370;54775401	0.921053
HG03579	2	chr19	KIR2DL1.0040112	KIR2DL1.058	NA	NA	76	70	54775198;54775317;54775343;54778656;54783021;54783763	2	54775370;54775401	0.921053
HG03579	2	chr19	KIR2DL1.0040112	KIR2DL1.070	NA	NA	76	70	54773369;54775198;54775317;54775343;54778656;54783763	2	54775370;54775401	0.921053
HG03579	2	chr19	KIR2DL1.00402	KIR2DL1.00402	NA	NA	76	70	54775198;54775317;54775343;54778656;54783669;54783763	2	54775370;54775401	0.921053
HG03579	2	chr19	KIR2DL1.00402	KIR2DL1.0540101	NA	NA	76	70	54773620;54775198;54775317;54775343;54778656;54783669	2	54775370;54775401	0.921053
HG03579	2	chr19	KIR2DL1.00402	KIR2DL1.056	NA	NA	76	70	54775198;54775317;54775343;54778656;54783669;54783763	2	54775370;54775401	0.921053
HG03579	2	chr19	KIR2DL1.00403	KIR2DL1.00403	NA	NA	75	69	54775198;54775317;54775343;54778656;54783493;54783763	2	54775370;54775401	0.920000
HG03579	2	chr19	KIR2DL1.00403	KIR2DL1.0540101	NA	NA	76	70	54773620;54775198;54775317;54775343;54778656;54783493	2	54775370;54775401	0.921053
HG03579	2	chr19	KIR2DL1.00403	KIR2DL1.056	NA	NA	76	70	54775198;54775317;54775343;54778656;54783493;54783763	2	54775370;54775401	0.921053
HG03579	2	chr19	KIR2DL1.00404	KIR2DL1.00404	NA	NA	76	70	54775198;54775317;54775343;54775415;54778656;54783763	2	54775370;54775401	0.921053
HG03579	2	chr19	KIR2DL1.00404	KIR2DL1.0540101	NA	NA	76	70	54773620;54775198;54775317;54775343;54775415;54778656	2	54775370;54775401	0.921053
HG03579	2	chr19	KIR2DL1.00404	KIR2DL1.056	NA	NA	76	70	54775198;54775317;54775343;54775415;54778656;54783763	2	54775370;54775401	0.921053
HG03579	2	chr19	KIR2DL1.00405	KIR2DL1.00405	NA	NA	76	70	54773415;54775198;54775317;54775343;54778656;54783763	2	54775370;54775401	0.921053
HG03579	2	chr19	KIR2DL1.00405	KIR2DL1.0540101	NA	NA	76	70	54773415;54773620;54775198;54775317;54775343;54778656	2	54775370;54775401	0.921053
HG03579	2	chr19	KIR2DL1.00405	KIR2DL1.056	NA	NA	76	70	54773415;54775198;54775317;54775343;54778656;54783763	2	54775370;54775401	0.921053
HG03579	2	chr19	KIR2DL1.00406	KIR2DL1.00406	NA	NA	76	70	54773406;54775198;54775317;54775343;54778656;54783763	2	54775370;54775401	0.921053
HG03579	2	chr19	KIR2DL1.00406	KIR2DL1.0540101	NA	NA	76	70	54773406;54773620;54775198;54775317;54775343;54778656	2	54775370;54775401	0.921053
HG03579	2	chr19	KIR2DL1.00406	KIR2DL1.056	NA	NA	76	70	54773406;54775198;54775317;54775343;54778656;54783763	2	54775370;54775401	0.921053
HG03579	2	chr19	KIR2DL1.007	KIR2DL1.007	NA	NA	76	70	54773620;54775198;54775317;54775343;54778656;54783763	2	54775370;54775401	0.921053
HG03579	2	chr19	KIR2DL1.007	KIR2DL1.056	NA	NA	76	70	54773620;54775198;54775317;54775343;54778656;54783763	2	54775370;54775401	0.921053
HG03579	2	chr19	KIR2DL1.010	KIR2DL1.010	NA	NA	76	70	54775198;54775317;54775343;54778656;54783002;54783763	2	54775370;54775401	0.921053
HG03579	2	chr19	KIR2DL1.010	KIR2DL1.0540101	NA	NA	76	70	54773620;54775198;54775317;54775343;54778656;54783002	2	54775370;54775401	0.921053
HG03579	2	chr19	KIR2DL1.010	KIR2DL1.056	NA	NA	76	70	54775198;54775317;54775343;54778656;54783002;54783763	2	54775370;54775401	0.921053
HG03579	2	chr19	KIR2DL1.01101	KIR2DL1.01101	NA	NA	75	69	54775198;54775317;54775343;54778656;54782930;54783763	2	54775370;54775401	0.920000
HG03579	2	chr19	KIR2DL1.01101	KIR2DL1.0540101	NA	NA	76	70	54773620;54775198;54775317;54775343;54778656;54782930	2	54775370;54775401	0.921053
HG03579	2	chr19	KIR2DL1.01101	KIR2DL1.056	NA	NA	76	70	54775198;54775317;54775343;54778656;54782930;54783763	2	54775370;54775401	0.921053
HG03579	2	chr19	KIR2DL1.013N	KIR2DL1.013N	NA	NA	75	69	54773428;54775198;54775317;54775343;54778656;54783763	2	54775370;54775401	0.920000
HG03579	2	chr19	KIR2DL1.013N	KIR2DL1.0540101	NA	NA	76	70	54773428;54773620;54775198;54775317;54775343;54778656	2	54775370;54775401	0.921053
HG03579	2	chr19	KIR2DL1.013N	KIR2DL1.056	NA	NA	76	70	54773428;54775198;54775317;54775343;54778656;54783763	2	54775370;54775401	0.921053
HG03579	2	chr19	KIR2DL1.024	KIR2DL1.024	NA	NA	76	70	54773492;54775198;54775317;54775343;54778656;54783763	2	54775370;54775401	0.921053
HG03579	2	chr19	KIR2DL1.024	KIR2DL1.0540101	NA	NA	76	70	54773492;54773620;54775198;54775317;54775343;54778656	2	54775370;54775401	0.921053
HG03579	2	chr19	KIR2DL1.024	KIR2DL1.056	NA	NA	76	70	54773492;54775198;54775317;54775343;54778656;54783763	2	54775370;54775401	0.921053
HG03579	2	chr19	KIR2DL1.029	KIR2DL1.029	NA	NA	76	70	54773593;54775198;54775317;54775343;54778656;54783763	2	54775370;54775401	0.921053
HG03579	2	chr19	KIR2DL1.029	KIR2DL1.0540101	NA	NA	76	70	54773593;54773620;54775198;54775317;54775343;54778656	2	54775370;54775401	0.921053
HG03579	2	chr19	KIR2DL1.029	KIR2DL1.056	NA	NA	76	70	54773593;54775198;54775317;54775343;54778656;54783763	2	54775370;54775401	0.921053
HG03579	2	chr19	KIR2DL1.039	KIR2DL1.039	NA	NA	76	70	54775198;54775317;54775343;54778656;54782928;54783763	2	54775370;54775401	0.921053
HG03579	2	chr19	KIR2DL1.039	KIR2DL1.0540101	NA	NA	76	70	54773620;54775198;54775317;54775343;54778656;54782928	2	54775370;54775401	0.921053
HG03579	2	chr19	KIR2DL1.039	KIR2DL1.056	NA	NA	76	70	54775198;54775317;54775343;54778656;54782928;54783763	2	54775370;54775401	0.921053
HG03579	2	chr19	KIR2DL1.041	KIR2DL1.041	NA	NA	76	70	54775198;54775317;54775225;54775343;54778656;54783763	2	54775370;54775401	0.921053
HG03579	2	chr19	KIR2DL1.041	KIR2DL1.0540101	NA	NA	76	70	54773620;54775198;54775317;54775225;54775343;54778656	2	54775370;54775401	0.921053
HG03579	2	chr19	KIR2DL1.041	KIR2DL1.056	NA	NA	76	70	54775198;54775317;54775225;54775343;54778656;54783763	2	54775370;54775401	0.921053
HG03579	2	chr19	KIR2DL1.042	KIR2DL1.042	NA	NA	76	70	54773473;54775198;54775317;54775343;54778656;54783763	2	54775370;54775401	0.921053
HG03579	2	chr19	KIR2DL1.042	KIR2DL1.0540101	NA	NA	76	70	54773473;54773620;54775198;54775317;54775343;54778656	2	54775370;54775401	0.921053
HG03579	2	chr19	KIR2DL1.042	KIR2DL1.056	NA	NA	76	70	54773473;54775198;54775317;54775343;54778656;54783763	2	54775370;54775401	0.921053
HG03579	2	chr19	KIR2DL1.050	KIR2DL1.050	NA	NA	76	70	54773519;54775198;54775317;54775343;54778656;54783763	2	54775370;54775401	0.921053
HG03579	2	chr19	KIR2DL1.050	KIR2DL1.0540101	NA	NA	76	70	54773519;54773620;54775198;54775317;54775343;54778656	2	54775370;54775401	0.921053
HG03579	2	chr19	KIR2DL1.050	KIR2DL1.056	NA	NA	76	70	54773519;54775198;54775317;54775343;54778656;54783763	2	54775370;54775401	0.921053
HG03579	2	chr19	KIR2DL1.0510101	KIR2DL1.0540101	NA	NA	76	70	54773620;54775198;54775317;54775343;54778656;54783763	2	54775370;54775401	0.921053
HG03579	2	chr19	KIR2DL1.0540101	KIR2DL1.0540101	NA	NA	76	70	54773620;54775198;54775317;54775343;54778656;54783763	2	54775370;54775401	0.921053
HG03579	2	chr19	KIR2DL1.0540101	KIR2DL1.055	NA	NA	76	70	54773575;54773620;54775198;54775317;54775343;54778656	2	54775370;54775401	0.921053
HG03579	2	chr19	KIR2DL1.0540101	KIR2DL1.058	NA	NA	76	70	54773620;54775198;54775317;54775343;54778656;54783021	2	54775370;54775401	0.921053
HG03579	2	chr19	KIR2DL1.0540101	KIR2DL1.070	NA	NA	76	70	54773369;54773620;54775198;54775317;54775343;54778656	2	54775370;54775401	0.921053
HG03579	2	chr19	KIR2DL1.055	KIR2DL1.055	NA	NA	76	70	54773575;54775198;54775317;54775343;54778656;54783763	2	54775370;54775401	0.921053
HG03579	2	chr19	KIR2DL1.055	KIR2DL1.056	NA	NA	76	70	54773575;54775198;54775317;54775343;54778656;54783763	2	54775370;54775401	0.921053
HG03579	2	chr19	KIR2DL1.056	KIR2DL1.056	NA	NA	76	70	54775198;54775317;54775343;54775401;54778656;54783763	2	54775370;54775401	0.921053
HG03579	2	chr19	KIR2DL1.056	KIR2DL1.058	NA	NA	76	70	54775198;54775317;54775343;54778656;54783021;54783763	2	54775370;54775401	0.921053
HG03579	2	chr19	KIR2DL1.056	KIR2DL1.070	NA	NA	76	70	54773369;54775198;54775317;54775343;54778656;54783763	2	54775370;54775401	0.921053
HG03579	2	chr19	KIR2DL1.058	KIR2DL1.058	NA	NA	76	70	54775198;54775317;54775343;54778656;54783021;54783763	2	54775370;54775401	0.921053
HG03579	2	chr19	KIR2DL1.070	KIR2DL1.070	NA	NA	76	70	54773369;54775198;54775317;54775343;54778656;54783763	2	54775370;54775401	0.921053
HG03579	2	chr19	KIR2DL1.00402	KIR2DL1.00403	NA	NA	76	69	54775198;54775317;54775343;54778656;54783493;54783669;54783763	2	54775370;54775401	0.907895
HG03579	2	chr19	KIR2DL1.00402	KIR2DL1.00404	NA	NA	76	69	54775198;54775317;54775343;54775415;54778656;54783669;54783763	2	54775370;54775401	0.907895
HG03579	2	chr19	KIR2DL1.00402	KIR2DL1.00405	NA	NA	76	69	54773415;54775198;54775317;54775343;54778656;54783669;54783763	2	54775370;54775401	0.907895
HG03579	2	chr19	KIR2DL1.00402	KIR2DL1.00406	NA	NA	76	69	54773406;54775198;54775317;54775343;54778656;54783669;54783763	2	54775370;54775401	0.907895
HG03579	2	chr19	KIR2DL1.00402	KIR2DL1.007	NA	NA	76	69	54773620;54775198;54775317;54775343;54778656;54783669;54783763	2	54775370;54775401	0.907895
HG03579	2	chr19	KIR2DL1.00402	KIR2DL1.010	NA	NA	76	69	54775198;54775317;54775343;54778656;54783002;54783669;54783763	2	54775370;54775401	0.907895
HG03579	2	chr19	KIR2DL1.00402	KIR2DL1.01101	NA	NA	76	69	54775198;54775317;54775343;54778656;54782930;54783669;54783763	2	54775370;54775401	0.907895
HG03579	2	chr19	KIR2DL1.00402	KIR2DL1.013N	NA	NA	76	69	54773428;54775198;54775317;54775343;54778656;54783669;54783763	2	54775370;54775401	0.907895
HG03579	2	chr19	KIR2DL1.00402	KIR2DL1.024	NA	NA	76	69	54773492;54775198;54775317;54775343;54778656;54783669;54783763	2	54775370;54775401	0.907895
HG03579	2	chr19	KIR2DL1.00402	KIR2DL1.029	NA	NA	76	69	54773593;54775198;54775317;54775343;54778656;54783669;54783763	2	54775370;54775401	0.907895
HG03579	2	chr19	KIR2DL1.00402	KIR2DL1.039	NA	NA	76	69	54775198;54775317;54775343;54778656;54782928;54783669;54783763	2	54775370;54775401	0.907895
HG03579	2	chr19	KIR2DL1.00402	KIR2DL1.041	NA	NA	76	69	54775198;54775317;54775225;54775343;54778656;54783669;54783763	2	54775370;54775401	0.907895
HG03579	2	chr19	KIR2DL1.00402	KIR2DL1.042	NA	NA	76	69	54773473;54775198;54775317;54775343;54778656;54783669;54783763	2	54775370;54775401	0.907895
HG03579	2	chr19	KIR2DL1.00402	KIR2DL1.050	NA	NA	76	69	54773519;54775198;54775317;54775343;54778656;54783669;54783763	2	54775370;54775401	0.907895
HG03579	2	chr19	KIR2DL1.00402	KIR2DL1.055	NA	NA	76	69	54773575;54775198;54775317;54775343;54778656;54783669;54783763	2	54775370;54775401	0.907895
HG03579	2	chr19	KIR2DL1.00402	KIR2DL1.058	NA	NA	76	69	54775198;54775317;54775343;54778656;54783021;54783669;54783763	2	54775370;54775401	0.907895
HG03579	2	chr19	KIR2DL1.00402	KIR2DL1.070	NA	NA	76	69	54773369;54775198;54775317;54775343;54778656;54783669;54783763	2	54775370;54775401	0.907895
HG03579	2	chr19	KIR2DL1.00403	KIR2DL1.00404	NA	NA	76	69	54775198;54775317;54775343;54775415;54778656;54783493;54783763	2	54775370;54775401	0.907895
HG03579	2	chr19	KIR2DL1.00403	KIR2DL1.00405	NA	NA	76	69	54773415;54775198;54775317;54775343;54778656;54783493;54783763	2	54775370;54775401	0.907895
HG03579	2	chr19	KIR2DL1.00403	KIR2DL1.00406	NA	NA	76	69	54773406;54775198;54775317;54775343;54778656;54783493;54783763	2	54775370;54775401	0.907895
HG03579	2	chr19	KIR2DL1.00403	KIR2DL1.007	NA	NA	76	69	54773620;54775198;54775317;54775343;54778656;54783493;54783763	2	54775370;54775401	0.907895
HG03579	2	chr19	KIR2DL1.00403	KIR2DL1.010	NA	NA	76	69	54775198;54775317;54775343;54778656;54783002;54783493;54783763	2	54775370;54775401	0.907895
HG03579	2	chr19	KIR2DL1.00403	KIR2DL1.01101	NA	NA	75	68	54775198;54775317;54775343;54778656;54782930;54783493;54783763	2	54775370;54775401	0.906667
HG03579	2	chr19	KIR2DL1.00403	KIR2DL1.013N	NA	NA	75	68	54773428;54775198;54775317;54775343;54778656;54783493;54783763	2	54775370;54775401	0.906667
HG03579	2	chr19	KIR2DL1.00403	KIR2DL1.024	NA	NA	76	69	54773492;54775198;54775317;54775343;54778656;54783493;54783763	2	54775370;54775401	0.907895
HG03579	2	chr19	KIR2DL1.00403	KIR2DL1.029	NA	NA	76	69	54773593;54775198;54775317;54775343;54778656;54783493;54783763	2	54775370;54775401	0.907895
HG03579	2	chr19	KIR2DL1.00403	KIR2DL1.039	NA	NA	76	69	54775198;54775317;54775343;54778656;54782928;54783493;54783763	2	54775370;54775401	0.907895
HG03579	2	chr19	KIR2DL1.00403	KIR2DL1.041	NA	NA	76	69	54775198;54775317;54775225;54775343;54778656;54783493;54783763	2	54775370;54775401	0.907895
HG03579	2	chr19	KIR2DL1.00403	KIR2DL1.042	NA	NA	76	69	54773473;54775198;54775317;54775343;54778656;54783493;54783763	2	54775370;54775401	0.907895
HG03579	2	chr19	KIR2DL1.00403	KIR2DL1.050	NA	NA	76	69	54773519;54775198;54775317;54775343;54778656;54783493;54783763	2	54775370;54775401	0.907895
HG03579	2	chr19	KIR2DL1.00403	KIR2DL1.055	NA	NA	76	69	54773575;54775198;54775317;54775343;54778656;54783493;54783763	2	54775370;54775401	0.907895
HG03579	2	chr19	KIR2DL1.00403	KIR2DL1.058	NA	NA	76	69	54775198;54775317;54775343;54778656;54783021;54783493;54783763	2	54775370;54775401	0.907895
HG03579	2	chr19	KIR2DL1.00403	KIR2DL1.070	NA	NA	76	69	54773369;54775198;54775317;54775343;54778656;54783493;54783763	2	54775370;54775401	0.907895
HG03579	2	chr19	KIR2DL1.00404	KIR2DL1.00405	NA	NA	76	69	54773415;54775198;54775317;54775343;54775415;54778656;54783763	2	54775370;54775401	0.907895
HG03579	2	chr19	KIR2DL1.00404	KIR2DL1.00406	NA	NA	76	69	54773406;54775198;54775317;54775343;54775415;54778656;54783763	2	54775370;54775401	0.907895
HG03579	2	chr19	KIR2DL1.00404	KIR2DL1.007	NA	NA	76	69	54773620;54775198;54775317;54775343;54775415;54778656;54783763	2	54775370;54775401	0.907895
HG03579	2	chr19	KIR2DL1.00404	KIR2DL1.010	NA	NA	76	69	54775198;54775317;54775343;54775415;54778656;54783002;54783763	2	54775370;54775401	0.907895
HG03579	2	chr19	KIR2DL1.00404	KIR2DL1.01101	NA	NA	76	69	54775198;54775317;54775343;54775415;54778656;54782930;54783763	2	54775370;54775401	0.907895
HG03579	2	chr19	KIR2DL1.00404	KIR2DL1.013N	NA	NA	76	69	54773428;54775198;54775317;54775343;54775415;54778656;54783763	2	54775370;54775401	0.907895
HG03579	2	chr19	KIR2DL1.00404	KIR2DL1.024	NA	NA	76	69	54773492;54775198;54775317;54775343;54775415;54778656;54783763	2	54775370;54775401	0.907895
HG03579	2	chr19	KIR2DL1.00404	KIR2DL1.029	NA	NA	76	69	54773593;54775198;54775317;54775343;54775415;54778656;54783763	2	54775370;54775401	0.907895
HG03579	2	chr19	KIR2DL1.00404	KIR2DL1.039	NA	NA	76	69	54775198;54775317;54775343;54775415;54778656;54782928;54783763	2	54775370;54775401	0.907895
HG03579	2	chr19	KIR2DL1.00404	KIR2DL1.041	NA	NA	76	69	54775198;54775317;54775225;54775343;54775415;54778656;54783763	2	54775370;54775401	0.907895
HG03579	2	chr19	KIR2DL1.00404	KIR2DL1.042	NA	NA	76	69	54773473;54775198;54775317;54775343;54775415;54778656;54783763	2	54775370;54775401	0.907895
HG03579	2	chr19	KIR2DL1.00404	KIR2DL1.050	NA	NA	76	69	54773519;54775198;54775317;54775343;54775415;54778656;54783763	2	54775370;54775401	0.907895
HG03579	2	chr19	KIR2DL1.00404	KIR2DL1.055	NA	NA	76	69	54773575;54775198;54775317;54775343;54775415;54778656;54783763	2	54775370;54775401	0.907895
HG03579	2	chr19	KIR2DL1.00404	KIR2DL1.058	NA	NA	76	69	54775198;54775317;54775343;54775415;54778656;54783021;54783763	2	54775370;54775401	0.907895
HG03579	2	chr19	KIR2DL1.00404	KIR2DL1.070	NA	NA	76	69	54773369;54775198;54775317;54775343;54775415;54778656;54783763	2	54775370;54775401	0.907895
HG03579	2	chr19	KIR2DL1.00405	KIR2DL1.00406	NA	NA	76	69	54773406;54773415;54775198;54775317;54775343;54778656;54783763	2	54775370;54775401	0.907895
HG03579	2	chr19	KIR2DL1.00405	KIR2DL1.007	NA	NA	76	69	54773415;54773620;54775198;54775317;54775343;54778656;54783763	2	54775370;54775401	0.907895
HG03579	2	chr19	KIR2DL1.00405	KIR2DL1.010	NA	NA	76	69	54773415;54775198;54775317;54775343;54778656;54783002;54783763	2	54775370;54775401	0.907895
HG03579	2	chr19	KIR2DL1.00405	KIR2DL1.01101	NA	NA	76	69	54773415;54775198;54775317;54775343;54778656;54782930;54783763	2	54775370;54775401	0.907895
HG03579	2	chr19	KIR2DL1.00405	KIR2DL1.013N	NA	NA	76	69	54773415;54773428;54775198;54775317;54775343;54778656;54783763	2	54775370;54775401	0.907895
HG03579	2	chr19	KIR2DL1.00405	KIR2DL1.024	NA	NA	76	69	54773415;54773492;54775198;54775317;54775343;54778656;54783763	2	54775370;54775401	0.907895
HG03579	2	chr19	KIR2DL1.00405	KIR2DL1.029	NA	NA	76	69	54773415;54773593;54775198;54775317;54775343;54778656;54783763	2	54775370;54775401	0.907895
HG03579	2	chr19	KIR2DL1.00405	KIR2DL1.039	NA	NA	76	69	54773415;54775198;54775317;54775343;54778656;54782928;54783763	2	54775370;54775401	0.907895
HG03579	2	chr19	KIR2DL1.00405	KIR2DL1.041	NA	NA	76	69	54773415;54775198;54775317;54775225;54775343;54778656;54783763	2	54775370;54775401	0.907895
HG03579	2	chr19	KIR2DL1.00405	KIR2DL1.042	NA	NA	76	69	54773415;54773473;54775198;54775317;54775343;54778656;54783763	2	54775370;54775401	0.907895
HG03579	2	chr19	KIR2DL1.00405	KIR2DL1.050	NA	NA	76	69	54773415;54773519;54775198;54775317;54775343;54778656;54783763	2	54775370;54775401	0.907895
HG03579	2	chr19	KIR2DL1.00405	KIR2DL1.055	NA	NA	76	69	54773415;54773575;54775198;54775317;54775343;54778656;54783763	2	54775370;54775401	0.907895
HG03579	2	chr19	KIR2DL1.00405	KIR2DL1.058	NA	NA	76	69	54773415;54775198;54775317;54775343;54778656;54783021;54783763	2	54775370;54775401	0.907895
HG03579	2	chr19	KIR2DL1.00405	KIR2DL1.070	NA	NA	76	69	54773369;54773415;54775198;54775317;54775343;54778656;54783763	2	54775370;54775401	0.907895
HG03579	2	chr19	KIR2DL1.00406	KIR2DL1.007	NA	NA	76	69	54773406;54773620;54775198;54775317;54775343;54778656;54783763	2	54775370;54775401	0.907895
HG03579	2	chr19	KIR2DL1.00406	KIR2DL1.010	NA	NA	76	69	54773406;54775198;54775317;54775343;54778656;54783002;54783763	2	54775370;54775401	0.907895
HG03579	2	chr19	KIR2DL1.00406	KIR2DL1.01101	NA	NA	76	69	54773406;54775198;54775317;54775343;54778656;54782930;54783763	2	54775370;54775401	0.907895
HG03579	2	chr19	KIR2DL1.00406	KIR2DL1.013N	NA	NA	76	69	54773406;54773428;54775198;54775317;54775343;54778656;54783763	2	54775370;54775401	0.907895
HG03579	2	chr19	KIR2DL1.00406	KIR2DL1.024	NA	NA	76	69	54773406;54773492;54775198;54775317;54775343;54778656;54783763	2	54775370;54775401	0.907895
HG03579	2	chr19	KIR2DL1.00406	KIR2DL1.029	NA	NA	76	69	54773406;54773593;54775198;54775317;54775343;54778656;54783763	2	54775370;54775401	0.907895
HG03579	2	chr19	KIR2DL1.00406	KIR2DL1.039	NA	NA	76	69	54773406;54775198;54775317;54775343;54778656;54782928;54783763	2	54775370;54775401	0.907895
HG03579	2	chr19	KIR2DL1.00406	KIR2DL1.041	NA	NA	76	69	54773406;54775198;54775317;54775225;54775343;54778656;54783763	2	54775370;54775401	0.907895
HG03579	2	chr19	KIR2DL1.00406	KIR2DL1.042	NA	NA	76	69	54773406;54773473;54775198;54775317;54775343;54778656;54783763	2	54775370;54775401	0.907895
HG03579	2	chr19	KIR2DL1.00406	KIR2DL1.050	NA	NA	76	69	54773406;54773519;54775198;54775317;54775343;54778656;54783763	2	54775370;54775401	0.907895
HG03579	2	chr19	KIR2DL1.00406	KIR2DL1.055	NA	NA	76	69	54773406;54773575;54775198;54775317;54775343;54778656;54783763	2	54775370;54775401	0.907895
HG03579	2	chr19	KIR2DL1.00406	KIR2DL1.058	NA	NA	76	69	54773406;54775198;54775317;54775343;54778656;54783021;54783763	2	54775370;54775401	0.907895
HG03579	2	chr19	KIR2DL1.00406	KIR2DL1.070	NA	NA	76	69	54773369;54773406;54775198;54775317;54775343;54778656;54783763	2	54775370;54775401	0.907895
HG03579	2	chr19	KIR2DL1.00601	KIR2DL1.00601	NA	NA	76	69	54775198;54775317;54775343;54775370;54775401;54778656;54783763	2	54775370;54775401	0.907895
HG03579	2	chr19	KIR2DL1.007	KIR2DL1.010	NA	NA	76	69	54773620;54775198;54775317;54775343;54778656;54783002;54783763	2	54775370;54775401	0.907895
HG03579	2	chr19	KIR2DL1.007	KIR2DL1.01101	NA	NA	76	69	54773620;54775198;54775317;54775343;54778656;54782930;54783763	2	54775370;54775401	0.907895
HG03579	2	chr19	KIR2DL1.007	KIR2DL1.013N	NA	NA	76	69	54773428;54773620;54775198;54775317;54775343;54778656;54783763	2	54775370;54775401	0.907895
HG03579	2	chr19	KIR2DL1.007	KIR2DL1.024	NA	NA	76	69	54773492;54773620;54775198;54775317;54775343;54778656;54783763	2	54775370;54775401	0.907895
HG03579	2	chr19	KIR2DL1.007	KIR2DL1.029	NA	NA	76	69	54773593;54773620;54775198;54775317;54775343;54778656;54783763	2	54775370;54775401	0.907895
HG03579	2	chr19	KIR2DL1.007	KIR2DL1.039	NA	NA	76	69	54773620;54775198;54775317;54775343;54778656;54782928;54783763	2	54775370;54775401	0.907895
HG03579	2	chr19	KIR2DL1.007	KIR2DL1.041	NA	NA	76	69	54773620;54775198;54775317;54775225;54775343;54778656;54783763	2	54775370;54775401	0.907895
HG03579	2	chr19	KIR2DL1.007	KIR2DL1.042	NA	NA	76	69	54773473;54773620;54775198;54775317;54775343;54778656;54783763	2	54775370;54775401	0.907895
HG03579	2	chr19	KIR2DL1.007	KIR2DL1.050	NA	NA	76	69	54773519;54773620;54775198;54775317;54775343;54778656;54783763	2	54775370;54775401	0.907895
HG03579	2	chr19	KIR2DL1.007	KIR2DL1.055	NA	NA	76	69	54773575;54773620;54775198;54775317;54775343;54778656;54783763	2	54775370;54775401	0.907895
HG03579	2	chr19	KIR2DL1.007	KIR2DL1.058	NA	NA	76	69	54773620;54775198;54775317;54775343;54778656;54783021;54783763	2	54775370;54775401	0.907895
HG03579	2	chr19	KIR2DL1.007	KIR2DL1.070	NA	NA	76	69	54773369;54773620;54775198;54775317;54775343;54778656;54783763	2	54775370;54775401	0.907895
HG03579	2	chr19	KIR2DL1.010	KIR2DL1.01101	NA	NA	76	69	54775198;54775317;54775343;54778656;54782930;54783002;54783763	2	54775370;54775401	0.907895
HG03579	2	chr19	KIR2DL1.010	KIR2DL1.013N	NA	NA	76	69	54773428;54775198;54775317;54775343;54778656;54783002;54783763	2	54775370;54775401	0.907895
HG03579	2	chr19	KIR2DL1.010	KIR2DL1.024	NA	NA	76	69	54773492;54775198;54775317;54775343;54778656;54783002;54783763	2	54775370;54775401	0.907895
HG03579	2	chr19	KIR2DL1.010	KIR2DL1.029	NA	NA	76	69	54773593;54775198;54775317;54775343;54778656;54783002;54783763	2	54775370;54775401	0.907895
HG03579	2	chr19	KIR2DL1.010	KIR2DL1.039	NA	NA	76	69	54775198;54775317;54775343;54778656;54782928;54783002;54783763	2	54775370;54775401	0.907895
HG03579	2	chr19	KIR2DL1.010	KIR2DL1.041	NA	NA	76	69	54775198;54775317;54775225;54775343;54778656;54783002;54783763	2	54775370;54775401	0.907895
HG03579	2	chr19	KIR2DL1.010	KIR2DL1.042	NA	NA	76	69	54773473;54775198;54775317;54775343;54778656;54783002;54783763	2	54775370;54775401	0.907895
HG03579	2	chr19	KIR2DL1.010	KIR2DL1.050	NA	NA	76	69	54773519;54775198;54775317;54775343;54778656;54783002;54783763	2	54775370;54775401	0.907895
HG03579	2	chr19	KIR2DL1.010	KIR2DL1.055	NA	NA	76	69	54773575;54775198;54775317;54775343;54778656;54783002;54783763	2	54775370;54775401	0.907895
HG03579	2	chr19	KIR2DL1.010	KIR2DL1.058	NA	NA	76	69	54775198;54775317;54775343;54778656;54783002;54783021;54783763	2	54775370;54775401	0.907895
HG03579	2	chr19	KIR2DL1.010	KIR2DL1.070	NA	NA	76	69	54773369;54775198;54775317;54775343;54778656;54783002;54783763	2	54775370;54775401	0.907895
HG03579	2	chr19	KIR2DL1.01101	KIR2DL1.013N	NA	NA	75	68	54773428;54775198;54775317;54775343;54778656;54782930;54783763	2	54775370;54775401	0.906667
HG03579	2	chr19	KIR2DL1.01101	KIR2DL1.024	NA	NA	76	69	54773492;54775198;54775317;54775343;54778656;54782930;54783763	2	54775370;54775401	0.907895
HG03579	2	chr19	KIR2DL1.01101	KIR2DL1.029	NA	NA	76	69	54773593;54775198;54775317;54775343;54778656;54782930;54783763	2	54775370;54775401	0.907895
HG03579	2	chr19	KIR2DL1.01101	KIR2DL1.039	NA	NA	76	69	54775198;54775317;54775343;54778656;54782928;54782930;54783763	2	54775370;54775401	0.907895
HG03579	2	chr19	KIR2DL1.01101	KIR2DL1.041	NA	NA	76	69	54775198;54775317;54775225;54775343;54778656;54782930;54783763	2	54775370;54775401	0.907895
HG03579	2	chr19	KIR2DL1.01101	KIR2DL1.042	NA	NA	76	69	54773473;54775198;54775317;54775343;54778656;54782930;54783763	2	54775370;54775401	0.907895
HG03579	2	chr19	KIR2DL1.01101	KIR2DL1.050	NA	NA	76	69	54773519;54775198;54775317;54775343;54778656;54782930;54783763	2	54775370;54775401	0.907895
HG03579	2	chr19	KIR2DL1.01101	KIR2DL1.055	NA	NA	76	69	54773575;54775198;54775317;54775343;54778656;54782930;54783763	2	54775370;54775401	0.907895
HG03579	2	chr19	KIR2DL1.01101	KIR2DL1.058	NA	NA	76	69	54775198;54775317;54775343;54778656;54782930;54783021;54783763	2	54775370;54775401	0.907895
HG03579	2	chr19	KIR2DL1.01101	KIR2DL1.070	NA	NA	76	69	54773369;54775198;54775317;54775343;54778656;54782930;54783763	2	54775370;54775401	0.907895
HG03579	2	chr19	KIR2DL1.013N	KIR2DL1.024	NA	NA	76	69	54773428;54773492;54775198;54775317;54775343;54778656;54783763	2	54775370;54775401	0.907895
HG03579	2	chr19	KIR2DL1.013N	KIR2DL1.029	NA	NA	76	69	54773428;54773593;54775198;54775317;54775343;54778656;54783763	2	54775370;54775401	0.907895
HG03579	2	chr19	KIR2DL1.013N	KIR2DL1.039	NA	NA	76	69	54773428;54775198;54775317;54775343;54778656;54782928;54783763	2	54775370;54775401	0.907895
HG03579	2	chr19	KIR2DL1.013N	KIR2DL1.041	NA	NA	76	69	54773428;54775198;54775317;54775225;54775343;54778656;54783763	2	54775370;54775401	0.907895
HG03579	2	chr19	KIR2DL1.013N	KIR2DL1.042	NA	NA	76	69	54773428;54773473;54775198;54775317;54775343;54778656;54783763	2	54775370;54775401	0.907895
HG03579	2	chr19	KIR2DL1.013N	KIR2DL1.050	NA	NA	76	69	54773428;54773519;54775198;54775317;54775343;54778656;54783763	2	54775370;54775401	0.907895
HG03579	2	chr19	KIR2DL1.013N	KIR2DL1.055	NA	NA	76	69	54773428;54773575;54775198;54775317;54775343;54778656;54783763	2	54775370;54775401	0.907895
HG03579	2	chr19	KIR2DL1.013N	KIR2DL1.058	NA	NA	76	69	54773428;54775198;54775317;54775343;54778656;54783021;54783763	2	54775370;54775401	0.907895
HG03579	2	chr19	KIR2DL1.013N	KIR2DL1.070	NA	NA	76	69	54773369;54773428;54775198;54775317;54775343;54778656;54783763	2	54775370;54775401	0.907895
HG03579	2	chr19	KIR2DL1.024	KIR2DL1.029	NA	NA	76	69	54773492;54773593;54775198;54775317;54775343;54778656;54783763	2	54775370;54775401	0.907895
HG03579	2	chr19	KIR2DL1.024	KIR2DL1.039	NA	NA	76	69	54773492;54775198;54775317;54775343;54778656;54782928;54783763	2	54775370;54775401	0.907895
HG03579	2	chr19	KIR2DL1.024	KIR2DL1.041	NA	NA	76	69	54773492;54775198;54775317;54775225;54775343;54778656;54783763	2	54775370;54775401	0.907895
HG03579	2	chr19	KIR2DL1.024	KIR2DL1.042	NA	NA	76	69	54773473;54773492;54775198;54775317;54775343;54778656;54783763	2	54775370;54775401	0.907895
HG03579	2	chr19	KIR2DL1.024	KIR2DL1.050	NA	NA	76	69	54773492;54773519;54775198;54775317;54775343;54778656;54783763	2	54775370;54775401	0.907895
HG03579	2	chr19	KIR2DL1.024	KIR2DL1.055	NA	NA	76	69	54773492;54773575;54775198;54775317;54775343;54778656;54783763	2	54775370;54775401	0.907895
HG03579	2	chr19	KIR2DL1.024	KIR2DL1.058	NA	NA	76	69	54773492;54775198;54775317;54775343;54778656;54783021;54783763	2	54775370;54775401	0.907895
HG03579	2	chr19	KIR2DL1.024	KIR2DL1.070	NA	NA	76	69	54773369;54773492;54775198;54775317;54775343;54778656;54783763	2	54775370;54775401	0.907895
HG03579	2	chr19	KIR2DL1.029	KIR2DL1.039	NA	NA	76	69	54773593;54775198;54775317;54775343;54778656;54782928;54783763	2	54775370;54775401	0.907895
HG03579	2	chr19	KIR2DL1.029	KIR2DL1.041	NA	NA	76	69	54773593;54775198;54775317;54775225;54775343;54778656;54783763	2	54775370;54775401	0.907895
HG03579	2	chr19	KIR2DL1.029	KIR2DL1.042	NA	NA	76	69	54773473;54773593;54775198;54775317;54775343;54778656;54783763	2	54775370;54775401	0.907895
HG03579	2	chr19	KIR2DL1.029	KIR2DL1.050	NA	NA	76	69	54773519;54773593;54775198;54775317;54775343;54778656;54783763	2	54775370;54775401	0.907895
HG03579	2	chr19	KIR2DL1.029	KIR2DL1.055	NA	NA	76	69	54773575;54773593;54775198;54775317;54775343;54778656;54783763	2	54775370;54775401	0.907895
HG03579	2	chr19	KIR2DL1.029	KIR2DL1.058	NA	NA	76	69	54773593;54775198;54775317;54775343;54778656;54783021;54783763	2	54775370;54775401	0.907895
HG03579	2	chr19	KIR2DL1.029	KIR2DL1.070	NA	NA	76	69	54773369;54773593;54775198;54775317;54775343;54778656;54783763	2	54775370;54775401	0.907895
HG03579	2	chr19	KIR2DL1.039	KIR2DL1.041	NA	NA	76	69	54775198;54775317;54775225;54775343;54778656;54782928;54783763	2	54775370;54775401	0.907895
HG03579	2	chr19	KIR2DL1.039	KIR2DL1.042	NA	NA	76	69	54773473;54775198;54775317;54775343;54778656;54782928;54783763	2	54775370;54775401	0.907895
HG03579	2	chr19	KIR2DL1.039	KIR2DL1.050	NA	NA	76	69	54773519;54775198;54775317;54775343;54778656;54782928;54783763	2	54775370;54775401	0.907895
HG03579	2	chr19	KIR2DL1.039	KIR2DL1.055	NA	NA	76	69	54773575;54775198;54775317;54775343;54778656;54782928;54783763	2	54775370;54775401	0.907895
HG03579	2	chr19	KIR2DL1.039	KIR2DL1.058	NA	NA	76	69	54775198;54775317;54775343;54778656;54782928;54783021;54783763	2	54775370;54775401	0.907895
HG03579	2	chr19	KIR2DL1.039	KIR2DL1.070	NA	NA	76	69	54773369;54775198;54775317;54775343;54778656;54782928;54783763	2	54775370;54775401	0.907895
HG03579	2	chr19	KIR2DL1.041	KIR2DL1.042	NA	NA	76	69	54773473;54775198;54775317;54775225;54775343;54778656;54783763	2	54775370;54775401	0.907895
HG03579	2	chr19	KIR2DL1.041	KIR2DL1.050	NA	NA	76	69	54773519;54775198;54775317;54775225;54775343;54778656;54783763	2	54775370;54775401	0.907895
HG03579	2	chr19	KIR2DL1.041	KIR2DL1.055	NA	NA	76	69	54773575;54775198;54775317;54775225;54775343;54778656;54783763	2	54775370;54775401	0.907895
HG03579	2	chr19	KIR2DL1.041	KIR2DL1.058	NA	NA	76	69	54775198;54775317;54775225;54775343;54778656;54783021;54783763	2	54775370;54775401	0.907895
HG03579	2	chr19	KIR2DL1.041	KIR2DL1.070	NA	NA	76	69	54773369;54775198;54775317;54775225;54775343;54778656;54783763	2	54775370;54775401	0.907895
HG03579	2	chr19	KIR2DL1.042	KIR2DL1.050	NA	NA	76	69	54773473;54773519;54775198;54775317;54775343;54778656;54783763	2	54775370;54775401	0.907895
HG03579	2	chr19	KIR2DL1.042	KIR2DL1.055	NA	NA	76	69	54773473;54773575;54775198;54775317;54775343;54778656;54783763	2	54775370;54775401	0.907895
HG03579	2	chr19	KIR2DL1.042	KIR2DL1.058	NA	NA	76	69	54773473;54775198;54775317;54775343;54778656;54783021;54783763	2	54775370;54775401	0.907895
HG03579	2	chr19	KIR2DL1.042	KIR2DL1.070	NA	NA	76	69	54773369;54773473;54775198;54775317;54775343;54778656;54783763	2	54775370;54775401	0.907895
HG03579	2	chr19	KIR2DL1.050	KIR2DL1.055	NA	NA	76	69	54773519;54773575;54775198;54775317;54775343;54778656;54783763	2	54775370;54775401	0.907895
HG03579	2	chr19	KIR2DL1.050	KIR2DL1.058	NA	NA	76	69	54773519;54775198;54775317;54775343;54778656;54783021;54783763	2	54775370;54775401	0.907895
HG03579	2	chr19	KIR2DL1.050	KIR2DL1.070	NA	NA	76	69	54773369;54773519;54775198;54775317;54775343;54778656;54783763	2	54775370;54775401	0.907895
HG03579	2	chr19	KIR2DL1.055	KIR2DL1.058	NA	NA	76	69	54773575;54775198;54775317;54775343;54778656;54783021;54783763	2	54775370;54775401	0.907895
HG03579	2	chr19	KIR2DL1.055	KIR2DL1.070	NA	NA	76	69	54773369;54773575;54775198;54775317;54775343;54778656;54783763	2	54775370;54775401	0.907895
HG03579	2	chr19	KIR2DL1.058	KIR2DL1.070	NA	NA	76	69	54773369;54775198;54775317;54775343;54778656;54783021;54783763	2	54775370;54775401	0.907895
