Sample	Copy_number	Chr	Allele_A	Allele_B	Allele_C	Allele_D	Tested_genotypes	Valid_genotypes	Error_list	Missed_genotypes	Missed_list	Ratio
NA19240	1	chr19_KI270921v1_alt	KIR2DS2.004	KIR2DS2*null	NA	NA	33	33	none	2	37109;42247	1.000000
NA19240	1	chr19_KI270921v1_alt	KIR2DS2.00105	KIR2DS2*null	NA	NA	33	31	37911;45705	2	37109;42247	0.939394
NA19240	1	chr19_KI270921v1_alt	KIR2DS2.0010101	KIR2DS2*null	NA	NA	38	35	37911;45705;49994	3	37109;42247;50765	0.921053
NA19240	1	chr19_KI270921v1_alt	KIR2DS2.0010102	KIR2DS2*null	NA	NA	38	35	37911;45705;49994	3	37109;42247;50765	0.921053
NA19240	1	chr19_KI270921v1_alt	KIR2DS2.0010104	KIR2DS2*null	NA	NA	38	35	37911;45705;49994	3	37109;42247;50765	0.921053
NA19240	1	chr19_KI270921v1_alt	KIR2DS2.0010106	KIR2DS2*null	NA	NA	38	35	37911;45705;49994	3	37109;42247;50765	0.921053
NA19240	1	chr19_KI270921v1_alt	KIR2DS2.00102	KIR2DS2*null	NA	NA	33	30	37911;45705;49994	2	37109;42247	0.909091
NA19240	1	chr19_KI270921v1_alt	KIR2DS2.00104	KIR2DS2*null	NA	NA	33	30	37911;45705;49994	2	37109;42247	0.909091
NA19240	1	chr19_KI270921v1_alt	KIR2DS2.022	KIR2DS2*null	NA	NA	33	30	37911;45705;49994	2	37109;42247	0.909091
NA19240	1	chr19_KI270921v1_alt	KIR2DS2.0010113	KIR2DS2*null	NA	NA	38	34	37911;45705;49994;50745	3	37109;42247;50765	0.894737
NA19240	1	chr19_KI270921v1_alt	KIR2DS2.0010115	KIR2DS2*null	NA	NA	38	34	37911;45705;49994;50786	3	37109;42247;50765	0.894737
NA19240	1	chr19_KI270921v1_alt	KIR2DS2.0010117	KIR2DS2*null	NA	NA	38	34	37911;45705;49994;50786	3	37109;42247;50765	0.894737
NA19240	1	chr19_KI270921v1_alt	KIR2DS2.0010125	KIR2DS2*null	NA	NA	38	34	37911;45705;49994;50811	3	37109;42247;50765	0.894737
NA19240	1	chr19_KI270921v1_alt	KIR2DS2.0010128	KIR2DS2*null	NA	NA	38	34	37911;45705;49994;50843	3	37109;42247;50765	0.894737
NA19240	1	chr19_KI270921v1_alt	KIR2DS2.00103	KIR2DS2*null	NA	NA	32	28	37911;42330;45705;49994	2	37109;42247	0.875000
NA19240	1	chr19_KI270921v1_alt	KIR2DS2.00106	KIR2DS2*null	NA	NA	38	34	37911;40557;45705;49994	3	37109;42247;50765	0.894737
NA19240	1	chr19_KI270921v1_alt	KIR2DS2.0010701	KIR2DS2*null	NA	NA	38	34	37911;40500;45705;49994	3	37109;42247;50765	0.894737
NA19240	1	chr19_KI270921v1_alt	KIR2DS2.002	KIR2DS2*null	NA	NA	33	29	37911;37933;45705;49994	2	37109;42247	0.878788
NA19240	1	chr19_KI270921v1_alt	KIR2DS2.00601	KIR2DS2*null	NA	NA	32	28	37911;45705;49994;50073	2	37109;42247	0.875000
NA19240	1	chr19_KI270921v1_alt	KIR2DS2.00602	KIR2DS2*null	NA	NA	38	34	37911;45705;49994;50073	3	37109;42247;50765	0.894737
NA19240	1	chr19_KI270921v1_alt	KIR2DS2.007	KIR2DS2*null	NA	NA	32	28	37911;40402;45705;49994	2	37109;42247	0.875000
NA19240	1	chr19_KI270921v1_alt	KIR2DS2.008	KIR2DS2*null	NA	NA	32	28	37911;42283;45705;49994	2	37109;42247	0.875000
NA19240	1	chr19_KI270921v1_alt	KIR2DS2.0090101	KIR2DS2*null	NA	NA	38	34	37911;40420;45705;49994	3	37109;42247;50765	0.894737
NA19240	1	chr19_KI270921v1_alt	KIR2DS2.010	KIR2DS2*null	NA	NA	38	34	37911;42440;45705;49994	3	37109;42247;50765	0.894737
NA19240	1	chr19_KI270921v1_alt	KIR2DS2.016	KIR2DS2*null	NA	NA	38	34	37911;42334;45705;49994	3	37109;42247;50765	0.894737
NA19240	1	chr19_KI270921v1_alt	KIR2DS2.017	KIR2DS2*null	NA	NA	38	34	37911;45705;49994;50584	3	37109;42247;50765	0.894737
NA19240	1	chr19_KI270921v1_alt	KIR2DS2.018	KIR2DS2*null	NA	NA	38	34	37911;42314;45705;49994	3	37109;42247;50765	0.894737
NA19240	1	chr19_KI270921v1_alt	KIR2DS2.019	KIR2DS2*null	NA	NA	38	34	37911;45705;49994;50594	3	37109;42247;50765	0.894737
NA19240	1	chr19_KI270921v1_alt	KIR2DS2.0200101	KIR2DS2*null	NA	NA	38	34	37911;45705;49987;49994	3	37109;42247;50765	0.894737
NA19240	1	chr19_KI270921v1_alt	KIR2DS2.0210101	KIR2DS2*null	NA	NA	38	34	37911;45705;49994;50061	3	37109;42247;50765	0.894737
