Sample	Copy_number	Chr	Allele_A	Allele_B	Allele_C	Allele_D	Tested_genotypes	Valid_genotypes	Error_list	Missed_genotypes	Missed_list	Ratio
NA20129	2	chr19_KI270923v1_alt	KIR3DP1.0030201	KIR3DP1.0100101	NA	NA	52	51	63954	1	62263	0.980769
NA20129	2	chr19_KI270923v1_alt	KIR3DP1.0030210	KIR3DP1.0100101	NA	NA	52	51	63954	1	62263	0.980769
NA20129	2	chr19_KI270923v1_alt	KIR3DP1.007	KIR3DP1.0100101	NA	NA	52	51	63062	2	62263;63061	0.980769
NA20129	2	chr19_KI270923v1_alt	KIR3DP1.007	KIR3DP1.011	NA	NA	52	51	63062	2	62263;63061	0.980769
NA20129	2	chr19_KI270923v1_alt	KIR3DP1.001	KIR3DP1.0100101	NA	NA	52	50	63062;63954	2	62263;63061	0.961538
NA20129	2	chr19_KI270923v1_alt	KIR3DP1.001	KIR3DP1.011	NA	NA	52	50	63062;63954	2	62263;63061	0.961538
NA20129	2	chr19_KI270923v1_alt	KIR3DP1.002	KIR3DP1.007	NA	NA	52	50	63062;67531	2	62263;63061	0.961538
NA20129	2	chr19_KI270923v1_alt	KIR3DP1.0030101	KIR3DP1.0100101	NA	NA	52	50	63869;63954	1	62263	0.961538
NA20129	2	chr19_KI270923v1_alt	KIR3DP1.0030201	KIR3DP1.0060101	NA	NA	52	50	63954;65687	1	62263	0.961538
NA20129	2	chr19_KI270923v1_alt	KIR3DP1.0030201	KIR3DP1.01002	NA	NA	52	50	63954;64082	1	62263	0.961538
NA20129	2	chr19_KI270923v1_alt	KIR3DP1.0030201	KIR3DP1.01003	NA	NA	52	50	63954;67674	1	62263	0.961538
NA20129	2	chr19_KI270923v1_alt	KIR3DP1.0030201	KIR3DP1.01004	NA	NA	52	50	63954;67452	1	62263	0.961538
NA20129	2	chr19_KI270923v1_alt	KIR3DP1.0030201	KIR3DP1.01005	NA	NA	52	50	63954;67641	1	62263	0.961538
NA20129	2	chr19_KI270923v1_alt	KIR3DP1.0030201	KIR3DP1.011	NA	NA	52	50	63062;63954	2	62263;63061	0.961538
NA20129	2	chr19_KI270923v1_alt	KIR3DP1.0030201	KIR3DP1.013	NA	NA	52	50	63954;67509	1	62263	0.961538
NA20129	2	chr19_KI270923v1_alt	KIR3DP1.0030201	KIR3DP1.036	NA	NA	52	50	63954;63988	1	62263	0.961538
NA20129	2	chr19_KI270923v1_alt	KIR3DP1.0030201	KIR3DP1.045	NA	NA	52	50	63954;65720	1	62263	0.961538
NA20129	2	chr19_KI270923v1_alt	KIR3DP1.0030201	KIR3DP1.048	NA	NA	52	50	63954;67682	1	62263	0.961538
NA20129	2	chr19_KI270923v1_alt	KIR3DP1.0030201	KIR3DP1.051	NA	NA	52	50	63954;67463	1	62263	0.961538
NA20129	2	chr19_KI270923v1_alt	KIR3DP1.0030210	KIR3DP1.0060101	NA	NA	52	50	63954;65687	1	62263	0.961538
NA20129	2	chr19_KI270923v1_alt	KIR3DP1.0030210	KIR3DP1.01002	NA	NA	52	50	63954;64082	1	62263	0.961538
NA20129	2	chr19_KI270923v1_alt	KIR3DP1.0030210	KIR3DP1.01003	NA	NA	52	50	63954;67674	1	62263	0.961538
NA20129	2	chr19_KI270923v1_alt	KIR3DP1.0030210	KIR3DP1.01004	NA	NA	52	50	63954;67452	1	62263	0.961538
NA20129	2	chr19_KI270923v1_alt	KIR3DP1.0030210	KIR3DP1.01005	NA	NA	52	50	63954;67641	1	62263	0.961538
NA20129	2	chr19_KI270923v1_alt	KIR3DP1.0030210	KIR3DP1.011	NA	NA	52	50	63062;63954	2	62263;63061	0.961538
NA20129	2	chr19_KI270923v1_alt	KIR3DP1.0030210	KIR3DP1.013	NA	NA	52	50	63954;67509	1	62263	0.961538
NA20129	2	chr19_KI270923v1_alt	KIR3DP1.0030210	KIR3DP1.036	NA	NA	52	50	63954;63988	1	62263	0.961538
NA20129	2	chr19_KI270923v1_alt	KIR3DP1.0030210	KIR3DP1.045	NA	NA	52	50	63954;65720	1	62263	0.961538
NA20129	2	chr19_KI270923v1_alt	KIR3DP1.0030210	KIR3DP1.048	NA	NA	52	50	63954;67682	1	62263	0.961538
NA20129	2	chr19_KI270923v1_alt	KIR3DP1.0030210	KIR3DP1.051	NA	NA	52	50	63954;67463	1	62263	0.961538
NA20129	2	chr19_KI270923v1_alt	KIR3DP1.00303	KIR3DP1.0100101	NA	NA	52	50	63954;65730	1	62263	0.961538
NA20129	2	chr19_KI270923v1_alt	KIR3DP1.0030401	KIR3DP1.0100101	NA	NA	52	50	63954;67674	1	62263	0.961538
NA20129	2	chr19_KI270923v1_alt	KIR3DP1.0030401	KIR3DP1.01003	NA	NA	52	50	63954;67674	1	62263	0.961538
NA20129	2	chr19_KI270923v1_alt	KIR3DP1.0030601	KIR3DP1.0100101	NA	NA	52	50	63954;67452	1	62263	0.961538
NA20129	2	chr19_KI270923v1_alt	KIR3DP1.0030601	KIR3DP1.01004	NA	NA	52	50	63954;67452	1	62263	0.961538
NA20129	2	chr19_KI270923v1_alt	KIR3DP1.00310	KIR3DP1.0100101	NA	NA	52	50	63954;65835	1	62263	0.961538
NA20129	2	chr19_KI270923v1_alt	KIR3DP1.00311	KIR3DP1.0100101	NA	NA	52	50	63954;67407	1	62263	0.961538
NA20129	2	chr19_KI270923v1_alt	KIR3DP1.00312	KIR3DP1.0100101	NA	NA	52	50	63954;67425	1	62263	0.961538
NA20129	2	chr19_KI270923v1_alt	KIR3DP1.004	KIR3DP1.0100101	NA	NA	52	50	63062;63954	2	62263;63061	0.961538
NA20129	2	chr19_KI270923v1_alt	KIR3DP1.004	KIR3DP1.011	NA	NA	52	50	63062;63954	2	62263;63061	0.961538
NA20129	2	chr19_KI270923v1_alt	KIR3DP1.0060101	KIR3DP1.007	NA	NA	52	50	63062;65687	2	62263;63061	0.961538
NA20129	2	chr19_KI270923v1_alt	KIR3DP1.0060101	KIR3DP1.0150101	NA	NA	52	50	63954;65687	1	62263	0.961538
NA20129	2	chr19_KI270923v1_alt	KIR3DP1.007	KIR3DP1.01002	NA	NA	52	50	63062;64082	2	62263;63061	0.961538
NA20129	2	chr19_KI270923v1_alt	KIR3DP1.007	KIR3DP1.01003	NA	NA	52	50	63062;67674	2	62263;63061	0.961538
NA20129	2	chr19_KI270923v1_alt	KIR3DP1.007	KIR3DP1.01004	NA	NA	52	50	63062;67452	2	62263;63061	0.961538
NA20129	2	chr19_KI270923v1_alt	KIR3DP1.007	KIR3DP1.01005	NA	NA	52	50	63062;67641	2	62263;63061	0.961538
NA20129	2	chr19_KI270923v1_alt	KIR3DP1.007	KIR3DP1.013	NA	NA	52	50	63062;67509	2	62263;63061	0.961538
NA20129	2	chr19_KI270923v1_alt	KIR3DP1.007	KIR3DP1.036	NA	NA	52	50	63062;63988	2	62263;63061	0.961538
NA20129	2	chr19_KI270923v1_alt	KIR3DP1.007	KIR3DP1.045	NA	NA	52	50	63062;65720	2	62263;63061	0.961538
NA20129	2	chr19_KI270923v1_alt	KIR3DP1.007	KIR3DP1.048	NA	NA	52	50	63062;67682	2	62263;63061	0.961538
NA20129	2	chr19_KI270923v1_alt	KIR3DP1.007	KIR3DP1.051	NA	NA	52	50	63062;67463	2	62263;63061	0.961538
NA20129	2	chr19_KI270923v1_alt	KIR3DP1.008	KIR3DP1.0100101	NA	NA	52	50	63954;65731	1	62263	0.961538
NA20129	2	chr19_KI270923v1_alt	KIR3DP1.0090101	KIR3DP1.0100101	NA	NA	52	50	63062;63954	2	62263;63061	0.961538
NA20129	2	chr19_KI270923v1_alt	KIR3DP1.0090101	KIR3DP1.011	NA	NA	52	50	63062;63954	2	62263;63061	0.961538
NA20129	2	chr19_KI270923v1_alt	KIR3DP1.0100101	KIR3DP1.013	NA	NA	52	50	63954;67531	1	62263	0.961538
NA20129	2	chr19_KI270923v1_alt	KIR3DP1.0100101	KIR3DP1.0140101	NA	NA	52	50	63849;63954	1	62263	0.961538
NA20129	2	chr19_KI270923v1_alt	KIR3DP1.0100101	KIR3DP1.0150101	NA	NA	52	50	63954;65687	1	62263	0.961538
NA20129	2	chr19_KI270923v1_alt	KIR3DP1.0100101	KIR3DP1.017	NA	NA	52	50	63954;65797	1	62263	0.961538
NA20129	2	chr19_KI270923v1_alt	KIR3DP1.0100101	KIR3DP1.025	NA	NA	52	50	63954;64045	1	62263	0.961538
NA20129	2	chr19_KI270923v1_alt	KIR3DP1.0100101	KIR3DP1.0280101	NA	NA	52	50	63954;67426	1	62263	0.961538
NA20129	2	chr19_KI270923v1_alt	KIR3DP1.0100101	KIR3DP1.0320101	NA	NA	52	50	63954;67474	1	62263	0.961538
NA20129	2	chr19_KI270923v1_alt	KIR3DP1.0100101	KIR3DP1.034	NA	NA	52	50	63954;67498	1	62263	0.961538
NA20129	2	chr19_KI270923v1_alt	KIR3DP1.0100101	KIR3DP1.037	NA	NA	52	50	63954;63988	1	62263	0.961538
NA20129	2	chr19_KI270923v1_alt	KIR3DP1.0100101	KIR3DP1.038	NA	NA	52	50	63954;67531	1	62263	0.961538
NA20129	2	chr19_KI270923v1_alt	KIR3DP1.0100101	KIR3DP1.044	NA	NA	52	50	63954;65714	1	62263	0.961538
NA20129	2	chr19_KI270923v1_alt	KIR3DP1.0100101	KIR3DP1.046	NA	NA	52	50	63954;64095	1	62263	0.961538
NA20129	2	chr19_KI270923v1_alt	KIR3DP1.0100101	KIR3DP1.049	NA	NA	52	50	63954;65834	1	62263	0.961538
NA20129	2	chr19_KI270923v1_alt	KIR3DP1.036	KIR3DP1.037	NA	NA	52	50	63954;63988	1	62263	0.961538
NA20129	2	chr19_KI270923v1_alt	KIR3DP1.001	KIR3DP1.002	NA	NA	52	49	63062;63954;67531	2	62263;63061	0.942308
NA20129	2	chr19_KI270923v1_alt	KIR3DP1.001	KIR3DP1.0060101	NA	NA	52	49	63062;63954;65687	2	62263;63061	0.942308
NA20129	2	chr19_KI270923v1_alt	KIR3DP1.001	KIR3DP1.007	NA	NA	52	49	63062;67509;67531	2	62263;63061	0.942308
NA20129	2	chr19_KI270923v1_alt	KIR3DP1.001	KIR3DP1.01002	NA	NA	52	49	63062;63954;64082	2	62263;63061	0.942308
NA20129	2	chr19_KI270923v1_alt	KIR3DP1.001	KIR3DP1.01003	NA	NA	52	49	63062;63954;67674	2	62263;63061	0.942308
NA20129	2	chr19_KI270923v1_alt	KIR3DP1.001	KIR3DP1.01004	NA	NA	52	49	63062;63954;67452	2	62263;63061	0.942308
NA20129	2	chr19_KI270923v1_alt	KIR3DP1.001	KIR3DP1.01005	NA	NA	52	49	63062;63954;67641	2	62263;63061	0.942308
NA20129	2	chr19_KI270923v1_alt	KIR3DP1.001	KIR3DP1.013	NA	NA	52	49	63062;63954;67509	2	62263;63061	0.942308
NA20129	2	chr19_KI270923v1_alt	KIR3DP1.001	KIR3DP1.036	NA	NA	52	49	63062;63954;63988	2	62263;63061	0.942308
NA20129	2	chr19_KI270923v1_alt	KIR3DP1.001	KIR3DP1.045	NA	NA	52	49	63062;63954;65720	2	62263;63061	0.942308
NA20129	2	chr19_KI270923v1_alt	KIR3DP1.001	KIR3DP1.048	NA	NA	52	49	63062;63954;67682	2	62263;63061	0.942308
NA20129	2	chr19_KI270923v1_alt	KIR3DP1.001	KIR3DP1.051	NA	NA	52	49	63062;63954;67463	2	62263;63061	0.942308
NA20129	2	chr19_KI270923v1_alt	KIR3DP1.002	KIR3DP1.0030201	NA	NA	52	49	63062;63954;67531	2	62263;63061	0.942308
NA20129	2	chr19_KI270923v1_alt	KIR3DP1.002	KIR3DP1.0030210	NA	NA	52	49	63062;63954;67531	2	62263;63061	0.942308
NA20129	2	chr19_KI270923v1_alt	KIR3DP1.002	KIR3DP1.004	NA	NA	52	49	63062;63954;67531	2	62263;63061	0.942308
NA20129	2	chr19_KI270923v1_alt	KIR3DP1.002	KIR3DP1.0090101	NA	NA	52	49	63062;63954;67531	2	62263;63061	0.942308
NA20129	2	chr19_KI270923v1_alt	KIR3DP1.002	KIR3DP1.0100101	NA	NA	52	49	63062;63954;67509	2	62263;63061	0.942308
NA20129	2	chr19_KI270923v1_alt	KIR3DP1.002	KIR3DP1.011	NA	NA	52	49	63062;63954;67509	2	62263;63061	0.942308
NA20129	2	chr19_KI270923v1_alt	KIR3DP1.002	KIR3DP1.013	NA	NA	52	49	63062;63954;67509	2	62263;63061	0.942308
NA20129	2	chr19_KI270923v1_alt	KIR3DP1.002	KIR3DP1.038	NA	NA	52	49	63062;63954;67531	2	62263;63061	0.942308
NA20129	2	chr19_KI270923v1_alt	KIR3DP1.0030101	KIR3DP1.0060101	NA	NA	52	49	63869;63954;65687	1	62263	0.942308
NA20129	2	chr19_KI270923v1_alt	KIR3DP1.0030101	KIR3DP1.01002	NA	NA	52	49	63869;63954;64082	1	62263	0.942308
NA20129	2	chr19_KI270923v1_alt	KIR3DP1.0030101	KIR3DP1.01003	NA	NA	52	49	63869;63954;67674	1	62263	0.942308
NA20129	2	chr19_KI270923v1_alt	KIR3DP1.0030101	KIR3DP1.01004	NA	NA	52	49	63869;63954;67452	1	62263	0.942308
NA20129	2	chr19_KI270923v1_alt	KIR3DP1.0030101	KIR3DP1.01005	NA	NA	52	49	63869;63954;67641	1	62263	0.942308
NA20129	2	chr19_KI270923v1_alt	KIR3DP1.0030101	KIR3DP1.011	NA	NA	52	49	63062;63869;63954	2	62263;63061	0.942308
NA20129	2	chr19_KI270923v1_alt	KIR3DP1.0030101	KIR3DP1.013	NA	NA	52	49	63869;63954;67509	1	62263	0.942308
NA20129	2	chr19_KI270923v1_alt	KIR3DP1.0030101	KIR3DP1.036	NA	NA	52	49	63869;63954;63988	1	62263	0.942308
NA20129	2	chr19_KI270923v1_alt	KIR3DP1.0030101	KIR3DP1.045	NA	NA	52	49	63869;63954;65720	1	62263	0.942308
NA20129	2	chr19_KI270923v1_alt	KIR3DP1.0030101	KIR3DP1.048	NA	NA	52	49	63869;63954;67682	1	62263	0.942308
NA20129	2	chr19_KI270923v1_alt	KIR3DP1.0030101	KIR3DP1.051	NA	NA	52	49	63869;63954;67463	1	62263	0.942308
NA20129	2	chr19_KI270923v1_alt	KIR3DP1.0030201	KIR3DP1.0030201	NA	NA	52	49	63954;67509;67531	1	62263	0.942308
NA20129	2	chr19_KI270923v1_alt	KIR3DP1.0030201	KIR3DP1.0030210	NA	NA	52	49	63954;67509;67531	1	62263	0.942308
NA20129	2	chr19_KI270923v1_alt	KIR3DP1.0030201	KIR3DP1.007	NA	NA	52	49	63062;67509;67531	2	62263;63061	0.942308
NA20129	2	chr19_KI270923v1_alt	KIR3DP1.0030201	KIR3DP1.016	NA	NA	52	49	63954;65687;67531	1	62263	0.942308
NA20129	2	chr19_KI270923v1_alt	KIR3DP1.0030201	KIR3DP1.024	NA	NA	52	49	63954;67531;67674	1	62263	0.942308
NA20129	2	chr19_KI270923v1_alt	KIR3DP1.0030201	KIR3DP1.038	NA	NA	52	49	63954;67509;67531	1	62263	0.942308
NA20129	2	chr19_KI270923v1_alt	KIR3DP1.0030210	KIR3DP1.0030210	NA	NA	52	49	63954;67509;67531	1	62263	0.942308
NA20129	2	chr19_KI270923v1_alt	KIR3DP1.0030210	KIR3DP1.007	NA	NA	52	49	63062;67509;67531	2	62263;63061	0.942308
NA20129	2	chr19_KI270923v1_alt	KIR3DP1.0030210	KIR3DP1.016	NA	NA	52	49	63954;65687;67531	1	62263	0.942308
NA20129	2	chr19_KI270923v1_alt	KIR3DP1.0030210	KIR3DP1.024	NA	NA	52	49	63954;67531;67674	1	62263	0.942308
NA20129	2	chr19_KI270923v1_alt	KIR3DP1.0030210	KIR3DP1.038	NA	NA	52	49	63954;67509;67531	1	62263	0.942308
NA20129	2	chr19_KI270923v1_alt	KIR3DP1.00303	KIR3DP1.0060101	NA	NA	52	49	63954;65687;65730	1	62263	0.942308
NA20129	2	chr19_KI270923v1_alt	KIR3DP1.00303	KIR3DP1.01002	NA	NA	52	49	63954;64082;65730	1	62263	0.942308
NA20129	2	chr19_KI270923v1_alt	KIR3DP1.00303	KIR3DP1.01003	NA	NA	52	49	63954;65730;67674	1	62263	0.942308
NA20129	2	chr19_KI270923v1_alt	KIR3DP1.00303	KIR3DP1.01004	NA	NA	52	49	63954;65730;67452	1	62263	0.942308
NA20129	2	chr19_KI270923v1_alt	KIR3DP1.00303	KIR3DP1.01005	NA	NA	52	49	63954;65730;67641	1	62263	0.942308
NA20129	2	chr19_KI270923v1_alt	KIR3DP1.00303	KIR3DP1.011	NA	NA	52	49	63062;63954;65730	2	62263;63061	0.942308
NA20129	2	chr19_KI270923v1_alt	KIR3DP1.00303	KIR3DP1.013	NA	NA	52	49	63954;65730;67509	1	62263	0.942308
NA20129	2	chr19_KI270923v1_alt	KIR3DP1.00303	KIR3DP1.036	NA	NA	52	49	63954;63988;65730	1	62263	0.942308
NA20129	2	chr19_KI270923v1_alt	KIR3DP1.00303	KIR3DP1.045	NA	NA	52	49	63954;65720;65730	1	62263	0.942308
NA20129	2	chr19_KI270923v1_alt	KIR3DP1.00303	KIR3DP1.048	NA	NA	52	49	63954;65730;67682	1	62263	0.942308
NA20129	2	chr19_KI270923v1_alt	KIR3DP1.00303	KIR3DP1.051	NA	NA	52	49	63954;65730;67463	1	62263	0.942308
NA20129	2	chr19_KI270923v1_alt	KIR3DP1.0030401	KIR3DP1.0060101	NA	NA	52	49	63954;65687;67674	1	62263	0.942308
NA20129	2	chr19_KI270923v1_alt	KIR3DP1.0030401	KIR3DP1.01002	NA	NA	52	49	63954;64082;67674	1	62263	0.942308
NA20129	2	chr19_KI270923v1_alt	KIR3DP1.0030401	KIR3DP1.01004	NA	NA	52	49	63954;67452;67674	1	62263	0.942308
NA20129	2	chr19_KI270923v1_alt	KIR3DP1.0030401	KIR3DP1.01005	NA	NA	52	49	63954;67641;67674	1	62263	0.942308
NA20129	2	chr19_KI270923v1_alt	KIR3DP1.0030401	KIR3DP1.011	NA	NA	52	49	63062;63954;67674	2	62263;63061	0.942308
NA20129	2	chr19_KI270923v1_alt	KIR3DP1.0030401	KIR3DP1.013	NA	NA	52	49	63954;67509;67674	1	62263	0.942308
NA20129	2	chr19_KI270923v1_alt	KIR3DP1.0030401	KIR3DP1.024	NA	NA	52	49	63954;67531;67674	1	62263	0.942308
NA20129	2	chr19_KI270923v1_alt	KIR3DP1.0030401	KIR3DP1.036	NA	NA	52	49	63954;63988;67674	1	62263	0.942308
NA20129	2	chr19_KI270923v1_alt	KIR3DP1.0030401	KIR3DP1.045	NA	NA	52	49	63954;65720;67674	1	62263	0.942308
NA20129	2	chr19_KI270923v1_alt	KIR3DP1.0030401	KIR3DP1.048	NA	NA	52	49	63954;67674;67682	1	62263	0.942308
NA20129	2	chr19_KI270923v1_alt	KIR3DP1.0030401	KIR3DP1.051	NA	NA	52	49	63954;67463;67674	1	62263	0.942308
NA20129	2	chr19_KI270923v1_alt	KIR3DP1.0030601	KIR3DP1.0060101	NA	NA	52	49	63954;65687;67452	1	62263	0.942308
NA20129	2	chr19_KI270923v1_alt	KIR3DP1.0030601	KIR3DP1.01002	NA	NA	52	49	63954;64082;67452	1	62263	0.942308
NA20129	2	chr19_KI270923v1_alt	KIR3DP1.0030601	KIR3DP1.01003	NA	NA	52	49	63954;67452;67674	1	62263	0.942308
NA20129	2	chr19_KI270923v1_alt	KIR3DP1.0030601	KIR3DP1.01005	NA	NA	52	49	63954;67452;67641	1	62263	0.942308
NA20129	2	chr19_KI270923v1_alt	KIR3DP1.0030601	KIR3DP1.011	NA	NA	52	49	63062;63954;67452	2	62263;63061	0.942308
NA20129	2	chr19_KI270923v1_alt	KIR3DP1.0030601	KIR3DP1.013	NA	NA	52	49	63954;67452;67509	1	62263	0.942308
NA20129	2	chr19_KI270923v1_alt	KIR3DP1.0030601	KIR3DP1.036	NA	NA	52	49	63954;63988;67452	1	62263	0.942308
NA20129	2	chr19_KI270923v1_alt	KIR3DP1.0030601	KIR3DP1.045	NA	NA	52	49	63954;65720;67452	1	62263	0.942308
NA20129	2	chr19_KI270923v1_alt	KIR3DP1.0030601	KIR3DP1.048	NA	NA	52	49	63954;67452;67682	1	62263	0.942308
NA20129	2	chr19_KI270923v1_alt	KIR3DP1.0030601	KIR3DP1.051	NA	NA	52	49	63954;67452;67463	1	62263	0.942308
NA20129	2	chr19_KI270923v1_alt	KIR3DP1.00310	KIR3DP1.0060101	NA	NA	52	49	63954;65687;65835	1	62263	0.942308
NA20129	2	chr19_KI270923v1_alt	KIR3DP1.00310	KIR3DP1.01002	NA	NA	52	49	63954;64082;65835	1	62263	0.942308
NA20129	2	chr19_KI270923v1_alt	KIR3DP1.00310	KIR3DP1.01003	NA	NA	52	49	63954;65835;67674	1	62263	0.942308
NA20129	2	chr19_KI270923v1_alt	KIR3DP1.00310	KIR3DP1.01004	NA	NA	52	49	63954;65835;67452	1	62263	0.942308
NA20129	2	chr19_KI270923v1_alt	KIR3DP1.00310	KIR3DP1.01005	NA	NA	52	49	63954;65835;67641	1	62263	0.942308
NA20129	2	chr19_KI270923v1_alt	KIR3DP1.00310	KIR3DP1.011	NA	NA	52	49	63062;63954;65835	2	62263;63061	0.942308
NA20129	2	chr19_KI270923v1_alt	KIR3DP1.00310	KIR3DP1.013	NA	NA	52	49	63954;65835;67509	1	62263	0.942308
NA20129	2	chr19_KI270923v1_alt	KIR3DP1.00310	KIR3DP1.036	NA	NA	52	49	63954;63988;65835	1	62263	0.942308
NA20129	2	chr19_KI270923v1_alt	KIR3DP1.00310	KIR3DP1.045	NA	NA	52	49	63954;65720;65835	1	62263	0.942308
NA20129	2	chr19_KI270923v1_alt	KIR3DP1.00310	KIR3DP1.048	NA	NA	52	49	63954;65835;67682	1	62263	0.942308
NA20129	2	chr19_KI270923v1_alt	KIR3DP1.00310	KIR3DP1.051	NA	NA	52	49	63954;65835;67463	1	62263	0.942308
NA20129	2	chr19_KI270923v1_alt	KIR3DP1.00311	KIR3DP1.0060101	NA	NA	52	49	63954;65687;67407	1	62263	0.942308
NA20129	2	chr19_KI270923v1_alt	KIR3DP1.00311	KIR3DP1.01002	NA	NA	52	49	63954;64082;67407	1	62263	0.942308
NA20129	2	chr19_KI270923v1_alt	KIR3DP1.00311	KIR3DP1.01003	NA	NA	52	49	63954;67407;67674	1	62263	0.942308
NA20129	2	chr19_KI270923v1_alt	KIR3DP1.00311	KIR3DP1.01004	NA	NA	52	49	63954;67407;67452	1	62263	0.942308
NA20129	2	chr19_KI270923v1_alt	KIR3DP1.00311	KIR3DP1.01005	NA	NA	52	49	63954;67407;67641	1	62263	0.942308
NA20129	2	chr19_KI270923v1_alt	KIR3DP1.00311	KIR3DP1.011	NA	NA	52	49	63062;63954;67407	2	62263;63061	0.942308
NA20129	2	chr19_KI270923v1_alt	KIR3DP1.00311	KIR3DP1.013	NA	NA	52	49	63954;67407;67509	1	62263	0.942308
NA20129	2	chr19_KI270923v1_alt	KIR3DP1.00311	KIR3DP1.036	NA	NA	52	49	63954;63988;67407	1	62263	0.942308
NA20129	2	chr19_KI270923v1_alt	KIR3DP1.00311	KIR3DP1.045	NA	NA	52	49	63954;65720;67407	1	62263	0.942308
NA20129	2	chr19_KI270923v1_alt	KIR3DP1.00311	KIR3DP1.048	NA	NA	52	49	63954;67407;67682	1	62263	0.942308
NA20129	2	chr19_KI270923v1_alt	KIR3DP1.00311	KIR3DP1.051	NA	NA	52	49	63954;67407;67463	1	62263	0.942308
NA20129	2	chr19_KI270923v1_alt	KIR3DP1.00312	KIR3DP1.0060101	NA	NA	52	49	63954;65687;67425	1	62263	0.942308
NA20129	2	chr19_KI270923v1_alt	KIR3DP1.00312	KIR3DP1.01002	NA	NA	52	49	63954;64082;67425	1	62263	0.942308
NA20129	2	chr19_KI270923v1_alt	KIR3DP1.00312	KIR3DP1.01003	NA	NA	52	49	63954;67425;67674	1	62263	0.942308
NA20129	2	chr19_KI270923v1_alt	KIR3DP1.00312	KIR3DP1.01004	NA	NA	52	49	63954;67425;67452	1	62263	0.942308
NA20129	2	chr19_KI270923v1_alt	KIR3DP1.00312	KIR3DP1.01005	NA	NA	52	49	63954;67425;67641	1	62263	0.942308
NA20129	2	chr19_KI270923v1_alt	KIR3DP1.00312	KIR3DP1.011	NA	NA	52	49	63062;63954;67425	2	62263;63061	0.942308
NA20129	2	chr19_KI270923v1_alt	KIR3DP1.00312	KIR3DP1.013	NA	NA	52	49	63954;67425;67509	1	62263	0.942308
NA20129	2	chr19_KI270923v1_alt	KIR3DP1.00312	KIR3DP1.036	NA	NA	52	49	63954;63988;67425	1	62263	0.942308
NA20129	2	chr19_KI270923v1_alt	KIR3DP1.00312	KIR3DP1.045	NA	NA	52	49	63954;65720;67425	1	62263	0.942308
NA20129	2	chr19_KI270923v1_alt	KIR3DP1.00312	KIR3DP1.048	NA	NA	52	49	63954;67425;67682	1	62263	0.942308
NA20129	2	chr19_KI270923v1_alt	KIR3DP1.00312	KIR3DP1.051	NA	NA	52	49	63954;67425;67463	1	62263	0.942308
NA20129	2	chr19_KI270923v1_alt	KIR3DP1.004	KIR3DP1.0060101	NA	NA	52	49	63062;63954;65687	2	62263;63061	0.942308
NA20129	2	chr19_KI270923v1_alt	KIR3DP1.004	KIR3DP1.007	NA	NA	52	49	63062;67509;67531	2	62263;63061	0.942308
NA20129	2	chr19_KI270923v1_alt	KIR3DP1.004	KIR3DP1.01002	NA	NA	52	49	63062;63954;64082	2	62263;63061	0.942308
NA20129	2	chr19_KI270923v1_alt	KIR3DP1.004	KIR3DP1.01003	NA	NA	52	49	63062;63954;67674	2	62263;63061	0.942308
NA20129	2	chr19_KI270923v1_alt	KIR3DP1.004	KIR3DP1.01004	NA	NA	52	49	63062;63954;67452	2	62263;63061	0.942308
NA20129	2	chr19_KI270923v1_alt	KIR3DP1.004	KIR3DP1.01005	NA	NA	52	49	63062;63954;67641	2	62263;63061	0.942308
NA20129	2	chr19_KI270923v1_alt	KIR3DP1.004	KIR3DP1.013	NA	NA	52	49	63062;63954;67509	2	62263;63061	0.942308
NA20129	2	chr19_KI270923v1_alt	KIR3DP1.004	KIR3DP1.036	NA	NA	52	49	63062;63954;63988	2	62263;63061	0.942308
NA20129	2	chr19_KI270923v1_alt	KIR3DP1.004	KIR3DP1.045	NA	NA	52	49	63062;63954;65720	2	62263;63061	0.942308
NA20129	2	chr19_KI270923v1_alt	KIR3DP1.004	KIR3DP1.048	NA	NA	52	49	63062;63954;67682	2	62263;63061	0.942308
NA20129	2	chr19_KI270923v1_alt	KIR3DP1.004	KIR3DP1.051	NA	NA	52	49	63062;63954;67463	2	62263;63061	0.942308
NA20129	2	chr19_KI270923v1_alt	KIR3DP1.0060101	KIR3DP1.008	NA	NA	52	49	63954;65687;65731	1	62263	0.942308
NA20129	2	chr19_KI270923v1_alt	KIR3DP1.0060101	KIR3DP1.0090101	NA	NA	52	49	63062;63954;65687	2	62263;63061	0.942308
NA20129	2	chr19_KI270923v1_alt	KIR3DP1.0060101	KIR3DP1.013	NA	NA	52	49	63954;65687;67531	1	62263	0.942308
NA20129	2	chr19_KI270923v1_alt	KIR3DP1.0060101	KIR3DP1.0140101	NA	NA	52	49	63849;63954;65687	1	62263	0.942308
NA20129	2	chr19_KI270923v1_alt	KIR3DP1.0060101	KIR3DP1.016	NA	NA	52	49	63954;65687;67509	1	62263	0.942308
NA20129	2	chr19_KI270923v1_alt	KIR3DP1.0060101	KIR3DP1.017	NA	NA	52	49	63954;65687;65797	1	62263	0.942308
NA20129	2	chr19_KI270923v1_alt	KIR3DP1.0060101	KIR3DP1.025	NA	NA	52	49	63954;64045;65687	1	62263	0.942308
NA20129	2	chr19_KI270923v1_alt	KIR3DP1.0060101	KIR3DP1.0280101	NA	NA	52	49	63954;65687;67426	1	62263	0.942308
NA20129	2	chr19_KI270923v1_alt	KIR3DP1.0060101	KIR3DP1.0320101	NA	NA	52	49	63954;65687;67474	1	62263	0.942308
NA20129	2	chr19_KI270923v1_alt	KIR3DP1.0060101	KIR3DP1.034	NA	NA	52	49	63954;65687;67498	1	62263	0.942308
NA20129	2	chr19_KI270923v1_alt	KIR3DP1.0060101	KIR3DP1.037	NA	NA	52	49	63954;63988;65687	1	62263	0.942308
NA20129	2	chr19_KI270923v1_alt	KIR3DP1.0060101	KIR3DP1.038	NA	NA	52	49	63954;65687;67531	1	62263	0.942308
NA20129	2	chr19_KI270923v1_alt	KIR3DP1.0060101	KIR3DP1.044	NA	NA	52	49	63954;65687;65714	1	62263	0.942308
NA20129	2	chr19_KI270923v1_alt	KIR3DP1.0060101	KIR3DP1.046	NA	NA	52	49	63954;64095;65687	1	62263	0.942308
NA20129	2	chr19_KI270923v1_alt	KIR3DP1.0060101	KIR3DP1.049	NA	NA	52	49	63954;65687;65834	1	62263	0.942308
NA20129	2	chr19_KI270923v1_alt	KIR3DP1.007	KIR3DP1.0090101	NA	NA	52	49	63062;67509;67531	2	62263;63061	0.942308
NA20129	2	chr19_KI270923v1_alt	KIR3DP1.007	KIR3DP1.016	NA	NA	52	49	63062;65687;67531	2	62263;63061	0.942308
NA20129	2	chr19_KI270923v1_alt	KIR3DP1.007	KIR3DP1.024	NA	NA	52	49	63062;67531;67674	2	62263;63061	0.942308
NA20129	2	chr19_KI270923v1_alt	KIR3DP1.007	KIR3DP1.038	NA	NA	52	49	63062;67509;67531	2	62263;63061	0.942308
NA20129	2	chr19_KI270923v1_alt	KIR3DP1.008	KIR3DP1.01002	NA	NA	52	49	63954;64082;65731	1	62263	0.942308
NA20129	2	chr19_KI270923v1_alt	KIR3DP1.008	KIR3DP1.01003	NA	NA	52	49	63954;65731;67674	1	62263	0.942308
NA20129	2	chr19_KI270923v1_alt	KIR3DP1.008	KIR3DP1.01004	NA	NA	52	49	63954;65731;67452	1	62263	0.942308
NA20129	2	chr19_KI270923v1_alt	KIR3DP1.008	KIR3DP1.01005	NA	NA	52	49	63954;65731;67641	1	62263	0.942308
NA20129	2	chr19_KI270923v1_alt	KIR3DP1.008	KIR3DP1.011	NA	NA	52	49	63062;63954;65731	2	62263;63061	0.942308
NA20129	2	chr19_KI270923v1_alt	KIR3DP1.008	KIR3DP1.013	NA	NA	52	49	63954;65731;67509	1	62263	0.942308
NA20129	2	chr19_KI270923v1_alt	KIR3DP1.008	KIR3DP1.036	NA	NA	52	49	63954;63988;65731	1	62263	0.942308
NA20129	2	chr19_KI270923v1_alt	KIR3DP1.008	KIR3DP1.045	NA	NA	52	49	63954;65720;65731	1	62263	0.942308
NA20129	2	chr19_KI270923v1_alt	KIR3DP1.008	KIR3DP1.048	NA	NA	52	49	63954;65731;67682	1	62263	0.942308
NA20129	2	chr19_KI270923v1_alt	KIR3DP1.008	KIR3DP1.051	NA	NA	52	49	63954;65731;67463	1	62263	0.942308
NA20129	2	chr19_KI270923v1_alt	KIR3DP1.0090101	KIR3DP1.01002	NA	NA	52	49	63062;63954;64082	2	62263;63061	0.942308
NA20129	2	chr19_KI270923v1_alt	KIR3DP1.0090101	KIR3DP1.01003	NA	NA	52	49	63062;63954;67674	2	62263;63061	0.942308
NA20129	2	chr19_KI270923v1_alt	KIR3DP1.0090101	KIR3DP1.01004	NA	NA	52	49	63062;63954;67452	2	62263;63061	0.942308
NA20129	2	chr19_KI270923v1_alt	KIR3DP1.0090101	KIR3DP1.01005	NA	NA	52	49	63062;63954;67641	2	62263;63061	0.942308
NA20129	2	chr19_KI270923v1_alt	KIR3DP1.0090101	KIR3DP1.013	NA	NA	52	49	63062;63954;67509	2	62263;63061	0.942308
NA20129	2	chr19_KI270923v1_alt	KIR3DP1.0090101	KIR3DP1.036	NA	NA	52	49	63062;63954;63988	2	62263;63061	0.942308
NA20129	2	chr19_KI270923v1_alt	KIR3DP1.0090101	KIR3DP1.045	NA	NA	52	49	63062;63954;65720	2	62263;63061	0.942308
NA20129	2	chr19_KI270923v1_alt	KIR3DP1.0090101	KIR3DP1.048	NA	NA	52	49	63062;63954;67682	2	62263;63061	0.942308
NA20129	2	chr19_KI270923v1_alt	KIR3DP1.0090101	KIR3DP1.051	NA	NA	52	49	63062;63954;67463	2	62263;63061	0.942308
NA20129	2	chr19_KI270923v1_alt	KIR3DP1.0100101	KIR3DP1.0100101	NA	NA	52	49	63954;67509;67531	1	62263	0.942308
NA20129	2	chr19_KI270923v1_alt	KIR3DP1.0100101	KIR3DP1.016	NA	NA	52	49	63954;65687;67509	1	62263	0.942308
NA20129	2	chr19_KI270923v1_alt	KIR3DP1.0100101	KIR3DP1.024	NA	NA	52	49	63954;67509;67674	1	62263	0.942308
NA20129	2	chr19_KI270923v1_alt	KIR3DP1.01002	KIR3DP1.013	NA	NA	52	49	63954;64082;67531	1	62263	0.942308
NA20129	2	chr19_KI270923v1_alt	KIR3DP1.01002	KIR3DP1.0140101	NA	NA	52	49	63849;63954;64082	1	62263	0.942308
NA20129	2	chr19_KI270923v1_alt	KIR3DP1.01002	KIR3DP1.0150101	NA	NA	52	49	63954;64082;65687	1	62263	0.942308
NA20129	2	chr19_KI270923v1_alt	KIR3DP1.01002	KIR3DP1.017	NA	NA	52	49	63954;64082;65797	1	62263	0.942308
NA20129	2	chr19_KI270923v1_alt	KIR3DP1.01002	KIR3DP1.025	NA	NA	52	49	63954;64045;64082	1	62263	0.942308
NA20129	2	chr19_KI270923v1_alt	KIR3DP1.01002	KIR3DP1.0280101	NA	NA	52	49	63954;64082;67426	1	62263	0.942308
NA20129	2	chr19_KI270923v1_alt	KIR3DP1.01002	KIR3DP1.0320101	NA	NA	52	49	63954;64082;67474	1	62263	0.942308
NA20129	2	chr19_KI270923v1_alt	KIR3DP1.01002	KIR3DP1.034	NA	NA	52	49	63954;64082;67498	1	62263	0.942308
NA20129	2	chr19_KI270923v1_alt	KIR3DP1.01002	KIR3DP1.037	NA	NA	52	49	63954;63988;64082	1	62263	0.942308
NA20129	2	chr19_KI270923v1_alt	KIR3DP1.01002	KIR3DP1.038	NA	NA	52	49	63954;64082;67531	1	62263	0.942308
NA20129	2	chr19_KI270923v1_alt	KIR3DP1.01002	KIR3DP1.044	NA	NA	52	49	63954;64082;65714	1	62263	0.942308
NA20129	2	chr19_KI270923v1_alt	KIR3DP1.01002	KIR3DP1.046	NA	NA	52	49	63954;64082;64095	1	62263	0.942308
NA20129	2	chr19_KI270923v1_alt	KIR3DP1.01002	KIR3DP1.049	NA	NA	52	49	63954;64082;65834	1	62263	0.942308
NA20129	2	chr19_KI270923v1_alt	KIR3DP1.01003	KIR3DP1.013	NA	NA	52	49	63954;67531;67674	1	62263	0.942308
NA20129	2	chr19_KI270923v1_alt	KIR3DP1.01003	KIR3DP1.0140101	NA	NA	52	49	63849;63954;67674	1	62263	0.942308
NA20129	2	chr19_KI270923v1_alt	KIR3DP1.01003	KIR3DP1.0150101	NA	NA	52	49	63954;65687;67674	1	62263	0.942308
NA20129	2	chr19_KI270923v1_alt	KIR3DP1.01003	KIR3DP1.017	NA	NA	52	49	63954;65797;67674	1	62263	0.942308
NA20129	2	chr19_KI270923v1_alt	KIR3DP1.01003	KIR3DP1.024	NA	NA	52	49	63954;67509;67674	1	62263	0.942308
NA20129	2	chr19_KI270923v1_alt	KIR3DP1.01003	KIR3DP1.025	NA	NA	52	49	63954;64045;67674	1	62263	0.942308
NA20129	2	chr19_KI270923v1_alt	KIR3DP1.01003	KIR3DP1.0280101	NA	NA	52	49	63954;67426;67674	1	62263	0.942308
NA20129	2	chr19_KI270923v1_alt	KIR3DP1.01003	KIR3DP1.0320101	NA	NA	52	49	63954;67474;67674	1	62263	0.942308
NA20129	2	chr19_KI270923v1_alt	KIR3DP1.01003	KIR3DP1.034	NA	NA	52	49	63954;67498;67674	1	62263	0.942308
NA20129	2	chr19_KI270923v1_alt	KIR3DP1.01003	KIR3DP1.037	NA	NA	52	49	63954;63988;67674	1	62263	0.942308
NA20129	2	chr19_KI270923v1_alt	KIR3DP1.01003	KIR3DP1.038	NA	NA	52	49	63954;67531;67674	1	62263	0.942308
NA20129	2	chr19_KI270923v1_alt	KIR3DP1.01003	KIR3DP1.044	NA	NA	52	49	63954;65714;67674	1	62263	0.942308
NA20129	2	chr19_KI270923v1_alt	KIR3DP1.01003	KIR3DP1.046	NA	NA	52	49	63954;64095;67674	1	62263	0.942308
NA20129	2	chr19_KI270923v1_alt	KIR3DP1.01003	KIR3DP1.049	NA	NA	52	49	63954;65834;67674	1	62263	0.942308
NA20129	2	chr19_KI270923v1_alt	KIR3DP1.01004	KIR3DP1.013	NA	NA	52	49	63954;67452;67531	1	62263	0.942308
NA20129	2	chr19_KI270923v1_alt	KIR3DP1.01004	KIR3DP1.0140101	NA	NA	52	49	63849;63954;67452	1	62263	0.942308
NA20129	2	chr19_KI270923v1_alt	KIR3DP1.01004	KIR3DP1.0150101	NA	NA	52	49	63954;65687;67452	1	62263	0.942308
NA20129	2	chr19_KI270923v1_alt	KIR3DP1.01004	KIR3DP1.017	NA	NA	52	49	63954;65797;67452	1	62263	0.942308
NA20129	2	chr19_KI270923v1_alt	KIR3DP1.01004	KIR3DP1.025	NA	NA	52	49	63954;64045;67452	1	62263	0.942308
NA20129	2	chr19_KI270923v1_alt	KIR3DP1.01004	KIR3DP1.0280101	NA	NA	52	49	63954;67426;67452	1	62263	0.942308
NA20129	2	chr19_KI270923v1_alt	KIR3DP1.01004	KIR3DP1.0320101	NA	NA	52	49	63954;67452;67474	1	62263	0.942308
NA20129	2	chr19_KI270923v1_alt	KIR3DP1.01004	KIR3DP1.034	NA	NA	52	49	63954;67452;67498	1	62263	0.942308
NA20129	2	chr19_KI270923v1_alt	KIR3DP1.01004	KIR3DP1.037	NA	NA	52	49	63954;63988;67452	1	62263	0.942308
NA20129	2	chr19_KI270923v1_alt	KIR3DP1.01004	KIR3DP1.038	NA	NA	52	49	63954;67452;67531	1	62263	0.942308
NA20129	2	chr19_KI270923v1_alt	KIR3DP1.01004	KIR3DP1.044	NA	NA	52	49	63954;65714;67452	1	62263	0.942308
NA20129	2	chr19_KI270923v1_alt	KIR3DP1.01004	KIR3DP1.046	NA	NA	52	49	63954;64095;67452	1	62263	0.942308
NA20129	2	chr19_KI270923v1_alt	KIR3DP1.01004	KIR3DP1.049	NA	NA	52	49	63954;65834;67452	1	62263	0.942308
NA20129	2	chr19_KI270923v1_alt	KIR3DP1.01005	KIR3DP1.013	NA	NA	52	49	63954;67531;67641	1	62263	0.942308
NA20129	2	chr19_KI270923v1_alt	KIR3DP1.01005	KIR3DP1.0140101	NA	NA	52	49	63849;63954;67641	1	62263	0.942308
NA20129	2	chr19_KI270923v1_alt	KIR3DP1.01005	KIR3DP1.0150101	NA	NA	52	49	63954;65687;67641	1	62263	0.942308
NA20129	2	chr19_KI270923v1_alt	KIR3DP1.01005	KIR3DP1.017	NA	NA	52	49	63954;65797;67641	1	62263	0.942308
NA20129	2	chr19_KI270923v1_alt	KIR3DP1.01005	KIR3DP1.025	NA	NA	52	49	63954;64045;67641	1	62263	0.942308
NA20129	2	chr19_KI270923v1_alt	KIR3DP1.01005	KIR3DP1.0280101	NA	NA	52	49	63954;67426;67641	1	62263	0.942308
NA20129	2	chr19_KI270923v1_alt	KIR3DP1.01005	KIR3DP1.0320101	NA	NA	52	49	63954;67474;67641	1	62263	0.942308
NA20129	2	chr19_KI270923v1_alt	KIR3DP1.01005	KIR3DP1.034	NA	NA	52	49	63954;67498;67641	1	62263	0.942308
NA20129	2	chr19_KI270923v1_alt	KIR3DP1.01005	KIR3DP1.037	NA	NA	52	49	63954;63988;67641	1	62263	0.942308
NA20129	2	chr19_KI270923v1_alt	KIR3DP1.01005	KIR3DP1.038	NA	NA	52	49	63954;67531;67641	1	62263	0.942308
NA20129	2	chr19_KI270923v1_alt	KIR3DP1.01005	KIR3DP1.044	NA	NA	52	49	63954;65714;67641	1	62263	0.942308
NA20129	2	chr19_KI270923v1_alt	KIR3DP1.01005	KIR3DP1.046	NA	NA	52	49	63954;64095;67641	1	62263	0.942308
NA20129	2	chr19_KI270923v1_alt	KIR3DP1.01005	KIR3DP1.049	NA	NA	52	49	63954;65834;67641	1	62263	0.942308
NA20129	2	chr19_KI270923v1_alt	KIR3DP1.011	KIR3DP1.013	NA	NA	52	49	63062;63954;67531	2	62263;63061	0.942308
NA20129	2	chr19_KI270923v1_alt	KIR3DP1.011	KIR3DP1.0140101	NA	NA	52	49	63062;63849;63954	2	62263;63061	0.942308
NA20129	2	chr19_KI270923v1_alt	KIR3DP1.011	KIR3DP1.0150101	NA	NA	52	49	63062;63954;65687	2	62263;63061	0.942308
NA20129	2	chr19_KI270923v1_alt	KIR3DP1.011	KIR3DP1.017	NA	NA	52	49	63062;63954;65797	2	62263;63061	0.942308
NA20129	2	chr19_KI270923v1_alt	KIR3DP1.011	KIR3DP1.025	NA	NA	52	49	63062;63954;64045	2	62263;63061	0.942308
NA20129	2	chr19_KI270923v1_alt	KIR3DP1.011	KIR3DP1.0280101	NA	NA	52	49	63062;63954;67426	2	62263;63061	0.942308
NA20129	2	chr19_KI270923v1_alt	KIR3DP1.011	KIR3DP1.0320101	NA	NA	52	49	63062;63954;67474	2	62263;63061	0.942308
NA20129	2	chr19_KI270923v1_alt	KIR3DP1.011	KIR3DP1.034	NA	NA	52	49	63062;63954;67498	2	62263;63061	0.942308
NA20129	2	chr19_KI270923v1_alt	KIR3DP1.011	KIR3DP1.037	NA	NA	52	49	63062;63954;63988	2	62263;63061	0.942308
NA20129	2	chr19_KI270923v1_alt	KIR3DP1.011	KIR3DP1.038	NA	NA	52	49	63062;63954;67531	2	62263;63061	0.942308
NA20129	2	chr19_KI270923v1_alt	KIR3DP1.011	KIR3DP1.044	NA	NA	52	49	63062;63954;65714	2	62263;63061	0.942308
NA20129	2	chr19_KI270923v1_alt	KIR3DP1.011	KIR3DP1.046	NA	NA	52	49	63062;63954;64095	2	62263;63061	0.942308
NA20129	2	chr19_KI270923v1_alt	KIR3DP1.011	KIR3DP1.049	NA	NA	52	49	63062;63954;65834	2	62263;63061	0.942308
NA20129	2	chr19_KI270923v1_alt	KIR3DP1.013	KIR3DP1.013	NA	NA	52	49	63954;67509;67531	1	62263	0.942308
NA20129	2	chr19_KI270923v1_alt	KIR3DP1.013	KIR3DP1.0140101	NA	NA	52	49	63849;63954;67509	1	62263	0.942308
NA20129	2	chr19_KI270923v1_alt	KIR3DP1.013	KIR3DP1.0150101	NA	NA	52	49	63954;65687;67509	1	62263	0.942308
NA20129	2	chr19_KI270923v1_alt	KIR3DP1.013	KIR3DP1.016	NA	NA	52	49	63954;65687;67531	1	62263	0.942308
NA20129	2	chr19_KI270923v1_alt	KIR3DP1.013	KIR3DP1.017	NA	NA	52	49	63954;65797;67509	1	62263	0.942308
NA20129	2	chr19_KI270923v1_alt	KIR3DP1.013	KIR3DP1.024	NA	NA	52	49	63954;67531;67674	1	62263	0.942308
NA20129	2	chr19_KI270923v1_alt	KIR3DP1.013	KIR3DP1.025	NA	NA	52	49	63954;64045;67509	1	62263	0.942308
NA20129	2	chr19_KI270923v1_alt	KIR3DP1.013	KIR3DP1.0280101	NA	NA	52	49	63954;67426;67509	1	62263	0.942308
NA20129	2	chr19_KI270923v1_alt	KIR3DP1.013	KIR3DP1.0320101	NA	NA	52	49	63954;67474;67509	1	62263	0.942308
NA20129	2	chr19_KI270923v1_alt	KIR3DP1.013	KIR3DP1.034	NA	NA	52	49	63954;67498;67509	1	62263	0.942308
NA20129	2	chr19_KI270923v1_alt	KIR3DP1.013	KIR3DP1.036	NA	NA	52	49	63954;63988;67531	1	62263	0.942308
NA20129	2	chr19_KI270923v1_alt	KIR3DP1.013	KIR3DP1.037	NA	NA	52	49	63954;63988;67509	1	62263	0.942308
NA20129	2	chr19_KI270923v1_alt	KIR3DP1.013	KIR3DP1.038	NA	NA	52	49	63954;67509;67531	1	62263	0.942308
NA20129	2	chr19_KI270923v1_alt	KIR3DP1.013	KIR3DP1.044	NA	NA	52	49	63954;65714;67509	1	62263	0.942308
NA20129	2	chr19_KI270923v1_alt	KIR3DP1.013	KIR3DP1.045	NA	NA	52	49	63954;65720;67531	1	62263	0.942308
NA20129	2	chr19_KI270923v1_alt	KIR3DP1.013	KIR3DP1.046	NA	NA	52	49	63954;64095;67509	1	62263	0.942308
NA20129	2	chr19_KI270923v1_alt	KIR3DP1.013	KIR3DP1.048	NA	NA	52	49	63954;67531;67682	1	62263	0.942308
NA20129	2	chr19_KI270923v1_alt	KIR3DP1.013	KIR3DP1.049	NA	NA	52	49	63954;65834;67509	1	62263	0.942308
NA20129	2	chr19_KI270923v1_alt	KIR3DP1.013	KIR3DP1.051	NA	NA	52	49	63954;67463;67531	1	62263	0.942308
NA20129	2	chr19_KI270923v1_alt	KIR3DP1.0140101	KIR3DP1.036	NA	NA	52	49	63849;63954;63988	1	62263	0.942308
NA20129	2	chr19_KI270923v1_alt	KIR3DP1.0140101	KIR3DP1.045	NA	NA	52	49	63849;63954;65720	1	62263	0.942308
NA20129	2	chr19_KI270923v1_alt	KIR3DP1.0140101	KIR3DP1.048	NA	NA	52	49	63849;63954;67682	1	62263	0.942308
NA20129	2	chr19_KI270923v1_alt	KIR3DP1.0140101	KIR3DP1.051	NA	NA	52	49	63849;63954;67463	1	62263	0.942308
NA20129	2	chr19_KI270923v1_alt	KIR3DP1.0150101	KIR3DP1.016	NA	NA	52	49	63954;65687;67531	1	62263	0.942308
NA20129	2	chr19_KI270923v1_alt	KIR3DP1.0150101	KIR3DP1.036	NA	NA	52	49	63954;63988;65687	1	62263	0.942308
NA20129	2	chr19_KI270923v1_alt	KIR3DP1.0150101	KIR3DP1.045	NA	NA	52	49	63954;65687;65720	1	62263	0.942308
NA20129	2	chr19_KI270923v1_alt	KIR3DP1.0150101	KIR3DP1.048	NA	NA	52	49	63954;65687;67682	1	62263	0.942308
NA20129	2	chr19_KI270923v1_alt	KIR3DP1.0150101	KIR3DP1.051	NA	NA	52	49	63954;65687;67463	1	62263	0.942308
NA20129	2	chr19_KI270923v1_alt	KIR3DP1.016	KIR3DP1.038	NA	NA	52	49	63954;65687;67531	1	62263	0.942308
NA20129	2	chr19_KI270923v1_alt	KIR3DP1.017	KIR3DP1.036	NA	NA	52	49	63954;63988;65797	1	62263	0.942308
NA20129	2	chr19_KI270923v1_alt	KIR3DP1.017	KIR3DP1.045	NA	NA	52	49	63954;65720;65797	1	62263	0.942308
NA20129	2	chr19_KI270923v1_alt	KIR3DP1.017	KIR3DP1.048	NA	NA	52	49	63954;65797;67682	1	62263	0.942308
NA20129	2	chr19_KI270923v1_alt	KIR3DP1.017	KIR3DP1.051	NA	NA	52	49	63954;65797;67463	1	62263	0.942308
NA20129	2	chr19_KI270923v1_alt	KIR3DP1.024	KIR3DP1.038	NA	NA	52	49	63954;67531;67674	1	62263	0.942308
NA20129	2	chr19_KI270923v1_alt	KIR3DP1.025	KIR3DP1.036	NA	NA	52	49	63954;63988;64045	1	62263	0.942308
NA20129	2	chr19_KI270923v1_alt	KIR3DP1.025	KIR3DP1.045	NA	NA	52	49	63954;64045;65720	1	62263	0.942308
NA20129	2	chr19_KI270923v1_alt	KIR3DP1.025	KIR3DP1.048	NA	NA	52	49	63954;64045;67682	1	62263	0.942308
NA20129	2	chr19_KI270923v1_alt	KIR3DP1.025	KIR3DP1.051	NA	NA	52	49	63954;64045;67463	1	62263	0.942308
NA20129	2	chr19_KI270923v1_alt	KIR3DP1.0280101	KIR3DP1.036	NA	NA	52	49	63954;63988;67426	1	62263	0.942308
NA20129	2	chr19_KI270923v1_alt	KIR3DP1.0280101	KIR3DP1.045	NA	NA	52	49	63954;65720;67426	1	62263	0.942308
NA20129	2	chr19_KI270923v1_alt	KIR3DP1.0280101	KIR3DP1.048	NA	NA	52	49	63954;67426;67682	1	62263	0.942308
NA20129	2	chr19_KI270923v1_alt	KIR3DP1.0280101	KIR3DP1.051	NA	NA	52	49	63954;67426;67463	1	62263	0.942308
NA20129	2	chr19_KI270923v1_alt	KIR3DP1.0320101	KIR3DP1.036	NA	NA	52	49	63954;63988;67474	1	62263	0.942308
NA20129	2	chr19_KI270923v1_alt	KIR3DP1.0320101	KIR3DP1.045	NA	NA	52	49	63954;65720;67474	1	62263	0.942308
NA20129	2	chr19_KI270923v1_alt	KIR3DP1.0320101	KIR3DP1.048	NA	NA	52	49	63954;67474;67682	1	62263	0.942308
NA20129	2	chr19_KI270923v1_alt	KIR3DP1.0320101	KIR3DP1.051	NA	NA	52	49	63954;67463;67474	1	62263	0.942308
NA20129	2	chr19_KI270923v1_alt	KIR3DP1.034	KIR3DP1.036	NA	NA	52	49	63954;63988;67498	1	62263	0.942308
NA20129	2	chr19_KI270923v1_alt	KIR3DP1.034	KIR3DP1.045	NA	NA	52	49	63954;65720;67498	1	62263	0.942308
NA20129	2	chr19_KI270923v1_alt	KIR3DP1.034	KIR3DP1.048	NA	NA	52	49	63954;67498;67682	1	62263	0.942308
NA20129	2	chr19_KI270923v1_alt	KIR3DP1.034	KIR3DP1.051	NA	NA	52	49	63954;67463;67498	1	62263	0.942308
NA20129	2	chr19_KI270923v1_alt	KIR3DP1.036	KIR3DP1.038	NA	NA	52	49	63954;63988;67531	1	62263	0.942308
NA20129	2	chr19_KI270923v1_alt	KIR3DP1.036	KIR3DP1.044	NA	NA	52	49	63954;63988;65714	1	62263	0.942308
NA20129	2	chr19_KI270923v1_alt	KIR3DP1.036	KIR3DP1.046	NA	NA	52	49	63954;63988;64095	1	62263	0.942308
NA20129	2	chr19_KI270923v1_alt	KIR3DP1.036	KIR3DP1.049	NA	NA	52	49	63954;63988;65834	1	62263	0.942308
NA20129	2	chr19_KI270923v1_alt	KIR3DP1.037	KIR3DP1.045	NA	NA	52	49	63954;63988;65720	1	62263	0.942308
NA20129	2	chr19_KI270923v1_alt	KIR3DP1.037	KIR3DP1.048	NA	NA	52	49	63954;63988;67682	1	62263	0.942308
NA20129	2	chr19_KI270923v1_alt	KIR3DP1.037	KIR3DP1.051	NA	NA	52	49	63954;63988;67463	1	62263	0.942308
NA20129	2	chr19_KI270923v1_alt	KIR3DP1.038	KIR3DP1.038	NA	NA	52	49	63954;67509;67531	1	62263	0.942308
NA20129	2	chr19_KI270923v1_alt	KIR3DP1.038	KIR3DP1.045	NA	NA	52	49	63954;65720;67531	1	62263	0.942308
NA20129	2	chr19_KI270923v1_alt	KIR3DP1.038	KIR3DP1.048	NA	NA	52	49	63954;67531;67682	1	62263	0.942308
NA20129	2	chr19_KI270923v1_alt	KIR3DP1.038	KIR3DP1.051	NA	NA	52	49	63954;67463;67531	1	62263	0.942308
NA20129	2	chr19_KI270923v1_alt	KIR3DP1.044	KIR3DP1.045	NA	NA	52	49	63954;65714;65720	1	62263	0.942308
NA20129	2	chr19_KI270923v1_alt	KIR3DP1.044	KIR3DP1.048	NA	NA	52	49	63954;65714;67682	1	62263	0.942308
NA20129	2	chr19_KI270923v1_alt	KIR3DP1.044	KIR3DP1.051	NA	NA	52	49	63954;65714;67463	1	62263	0.942308
NA20129	2	chr19_KI270923v1_alt	KIR3DP1.045	KIR3DP1.046	NA	NA	52	49	63954;64095;65720	1	62263	0.942308
NA20129	2	chr19_KI270923v1_alt	KIR3DP1.045	KIR3DP1.049	NA	NA	52	49	63954;65720;65834	1	62263	0.942308
NA20129	2	chr19_KI270923v1_alt	KIR3DP1.046	KIR3DP1.048	NA	NA	52	49	63954;64095;67682	1	62263	0.942308
NA20129	2	chr19_KI270923v1_alt	KIR3DP1.046	KIR3DP1.051	NA	NA	52	49	63954;64095;67463	1	62263	0.942308
NA20129	2	chr19_KI270923v1_alt	KIR3DP1.048	KIR3DP1.049	NA	NA	52	49	63954;65834;67682	1	62263	0.942308
NA20129	2	chr19_KI270923v1_alt	KIR3DP1.049	KIR3DP1.051	NA	NA	52	49	63954;65834;67463	1	62263	0.942308
NA20129	2	chr19_KI270923v1_alt	KIR3DP1.001	KIR3DP1.001	NA	NA	52	48	63062;63954;67509;67531	2	62263;63061	0.923077
NA20129	2	chr19_KI270923v1_alt	KIR3DP1.001	KIR3DP1.0030201	NA	NA	52	48	63062;63954;67509;67531	2	62263;63061	0.923077
NA20129	2	chr19_KI270923v1_alt	KIR3DP1.001	KIR3DP1.0030210	NA	NA	52	48	63062;63954;67509;67531	2	62263;63061	0.923077
NA20129	2	chr19_KI270923v1_alt	KIR3DP1.001	KIR3DP1.004	NA	NA	52	48	63062;63954;67509;67531	2	62263;63061	0.923077
NA20129	2	chr19_KI270923v1_alt	KIR3DP1.001	KIR3DP1.0090101	NA	NA	52	48	63062;63954;67509;67531	2	62263;63061	0.923077
NA20129	2	chr19_KI270923v1_alt	KIR3DP1.001	KIR3DP1.016	NA	NA	52	48	63062;63954;65687;67531	2	62263;63061	0.923077
NA20129	2	chr19_KI270923v1_alt	KIR3DP1.001	KIR3DP1.024	NA	NA	52	48	63062;63954;67531;67674	2	62263;63061	0.923077
NA20129	2	chr19_KI270923v1_alt	KIR3DP1.001	KIR3DP1.038	NA	NA	52	48	63062;63954;67509;67531	2	62263;63061	0.923077
NA20129	2	chr19_KI270923v1_alt	KIR3DP1.002	KIR3DP1.002	NA	NA	52	48	63062;63954;67509;67531	2	62263;63061	0.923077
NA20129	2	chr19_KI270923v1_alt	KIR3DP1.002	KIR3DP1.0030101	NA	NA	52	48	63062;63869;63954;67531	2	62263;63061	0.923077
NA20129	2	chr19_KI270923v1_alt	KIR3DP1.002	KIR3DP1.00303	NA	NA	52	48	63062;63954;65730;67531	2	62263;63061	0.923077
NA20129	2	chr19_KI270923v1_alt	KIR3DP1.002	KIR3DP1.0030401	NA	NA	52	48	63062;63954;67531;67674	2	62263;63061	0.923077
NA20129	2	chr19_KI270923v1_alt	KIR3DP1.002	KIR3DP1.0030601	NA	NA	52	48	63062;63954;67452;67531	2	62263;63061	0.923077
NA20129	2	chr19_KI270923v1_alt	KIR3DP1.002	KIR3DP1.00310	NA	NA	52	48	63062;63954;65835;67531	2	62263;63061	0.923077
NA20129	2	chr19_KI270923v1_alt	KIR3DP1.002	KIR3DP1.00311	NA	NA	52	48	63062;63954;67407;67531	2	62263;63061	0.923077
NA20129	2	chr19_KI270923v1_alt	KIR3DP1.002	KIR3DP1.00312	NA	NA	52	48	63062;63954;67425;67531	2	62263;63061	0.923077
NA20129	2	chr19_KI270923v1_alt	KIR3DP1.002	KIR3DP1.0060101	NA	NA	52	48	63062;63954;65687;67509	2	62263;63061	0.923077
NA20129	2	chr19_KI270923v1_alt	KIR3DP1.002	KIR3DP1.008	NA	NA	52	48	63062;63954;65731;67531	2	62263;63061	0.923077
NA20129	2	chr19_KI270923v1_alt	KIR3DP1.002	KIR3DP1.01002	NA	NA	52	48	63062;63954;64082;67509	2	62263;63061	0.923077
NA20129	2	chr19_KI270923v1_alt	KIR3DP1.002	KIR3DP1.01003	NA	NA	52	48	63062;63954;67509;67674	2	62263;63061	0.923077
NA20129	2	chr19_KI270923v1_alt	KIR3DP1.002	KIR3DP1.01004	NA	NA	52	48	63062;63954;67452;67509	2	62263;63061	0.923077
NA20129	2	chr19_KI270923v1_alt	KIR3DP1.002	KIR3DP1.01005	NA	NA	52	48	63062;63954;67509;67641	2	62263;63061	0.923077
NA20129	2	chr19_KI270923v1_alt	KIR3DP1.002	KIR3DP1.0140101	NA	NA	52	48	63062;63849;63954;67531	2	62263;63061	0.923077
NA20129	2	chr19_KI270923v1_alt	KIR3DP1.002	KIR3DP1.0150101	NA	NA	52	48	63062;63954;65687;67531	2	62263;63061	0.923077
NA20129	2	chr19_KI270923v1_alt	KIR3DP1.002	KIR3DP1.017	NA	NA	52	48	63062;63954;65797;67531	2	62263;63061	0.923077
NA20129	2	chr19_KI270923v1_alt	KIR3DP1.002	KIR3DP1.025	NA	NA	52	48	63062;63954;64045;67531	2	62263;63061	0.923077
NA20129	2	chr19_KI270923v1_alt	KIR3DP1.002	KIR3DP1.0280101	NA	NA	52	48	63062;63954;67426;67531	2	62263;63061	0.923077
NA20129	2	chr19_KI270923v1_alt	KIR3DP1.002	KIR3DP1.0320101	NA	NA	52	48	63062;63954;67474;67531	2	62263;63061	0.923077
NA20129	2	chr19_KI270923v1_alt	KIR3DP1.002	KIR3DP1.034	NA	NA	52	48	63062;63954;67498;67531	2	62263;63061	0.923077
NA20129	2	chr19_KI270923v1_alt	KIR3DP1.002	KIR3DP1.036	NA	NA	52	48	63062;63954;63988;67509	2	62263;63061	0.923077
NA20129	2	chr19_KI270923v1_alt	KIR3DP1.002	KIR3DP1.037	NA	NA	52	48	63062;63954;63988;67531	2	62263;63061	0.923077
NA20129	2	chr19_KI270923v1_alt	KIR3DP1.002	KIR3DP1.044	NA	NA	52	48	63062;63954;65714;67531	2	62263;63061	0.923077
NA20129	2	chr19_KI270923v1_alt	KIR3DP1.002	KIR3DP1.045	NA	NA	52	48	63062;63954;65720;67509	2	62263;63061	0.923077
NA20129	2	chr19_KI270923v1_alt	KIR3DP1.002	KIR3DP1.046	NA	NA	52	48	63062;63954;64095;67531	2	62263;63061	0.923077
NA20129	2	chr19_KI270923v1_alt	KIR3DP1.002	KIR3DP1.048	NA	NA	52	48	63062;63954;67509;67682	2	62263;63061	0.923077
NA20129	2	chr19_KI270923v1_alt	KIR3DP1.002	KIR3DP1.049	NA	NA	52	48	63062;63954;65834;67531	2	62263;63061	0.923077
NA20129	2	chr19_KI270923v1_alt	KIR3DP1.002	KIR3DP1.051	NA	NA	52	48	63062;63954;67463;67509	2	62263;63061	0.923077
NA20129	2	chr19_KI270923v1_alt	KIR3DP1.0030101	KIR3DP1.0030101	NA	NA	52	48	63869;63954;67509;67531	1	62263	0.923077
NA20129	2	chr19_KI270923v1_alt	KIR3DP1.0030101	KIR3DP1.0030201	NA	NA	52	48	63869;63954;67509;67531	1	62263	0.923077
NA20129	2	chr19_KI270923v1_alt	KIR3DP1.0030101	KIR3DP1.0030210	NA	NA	52	48	63869;63954;67509;67531	1	62263	0.923077
NA20129	2	chr19_KI270923v1_alt	KIR3DP1.0030101	KIR3DP1.007	NA	NA	52	48	63062;63869;67509;67531	2	62263;63061	0.923077
NA20129	2	chr19_KI270923v1_alt	KIR3DP1.0030101	KIR3DP1.016	NA	NA	52	48	63869;63954;65687;67531	1	62263	0.923077
NA20129	2	chr19_KI270923v1_alt	KIR3DP1.0030101	KIR3DP1.024	NA	NA	52	48	63869;63954;67531;67674	1	62263	0.923077
NA20129	2	chr19_KI270923v1_alt	KIR3DP1.0030101	KIR3DP1.038	NA	NA	52	48	63869;63954;67509;67531	1	62263	0.923077
NA20129	2	chr19_KI270923v1_alt	KIR3DP1.0030201	KIR3DP1.00303	NA	NA	52	48	63954;65730;67509;67531	1	62263	0.923077
NA20129	2	chr19_KI270923v1_alt	KIR3DP1.0030201	KIR3DP1.0030401	NA	NA	52	48	63954;67509;67531;67674	1	62263	0.923077
NA20129	2	chr19_KI270923v1_alt	KIR3DP1.0030201	KIR3DP1.0030601	NA	NA	52	48	63954;67452;67509;67531	1	62263	0.923077
NA20129	2	chr19_KI270923v1_alt	KIR3DP1.0030201	KIR3DP1.00310	NA	NA	52	48	63954;65835;67509;67531	1	62263	0.923077
NA20129	2	chr19_KI270923v1_alt	KIR3DP1.0030201	KIR3DP1.00311	NA	NA	52	48	63954;67407;67509;67531	1	62263	0.923077
NA20129	2	chr19_KI270923v1_alt	KIR3DP1.0030201	KIR3DP1.00312	NA	NA	52	48	63954;67425;67509;67531	1	62263	0.923077
NA20129	2	chr19_KI270923v1_alt	KIR3DP1.0030201	KIR3DP1.004	NA	NA	52	48	63062;63954;67509;67531	2	62263;63061	0.923077
NA20129	2	chr19_KI270923v1_alt	KIR3DP1.0030201	KIR3DP1.008	NA	NA	52	48	63954;65731;67509;67531	1	62263	0.923077
NA20129	2	chr19_KI270923v1_alt	KIR3DP1.0030201	KIR3DP1.0090101	NA	NA	52	48	63062;63954;67509;67531	2	62263;63061	0.923077
NA20129	2	chr19_KI270923v1_alt	KIR3DP1.0030201	KIR3DP1.0140101	NA	NA	52	48	63849;63954;67509;67531	1	62263	0.923077
NA20129	2	chr19_KI270923v1_alt	KIR3DP1.0030201	KIR3DP1.0150101	NA	NA	52	48	63954;65687;67509;67531	1	62263	0.923077
NA20129	2	chr19_KI270923v1_alt	KIR3DP1.0030201	KIR3DP1.017	NA	NA	52	48	63954;65797;67509;67531	1	62263	0.923077
NA20129	2	chr19_KI270923v1_alt	KIR3DP1.0030201	KIR3DP1.025	NA	NA	52	48	63954;64045;67509;67531	1	62263	0.923077
NA20129	2	chr19_KI270923v1_alt	KIR3DP1.0030201	KIR3DP1.0280101	NA	NA	52	48	63954;67426;67509;67531	1	62263	0.923077
NA20129	2	chr19_KI270923v1_alt	KIR3DP1.0030201	KIR3DP1.0320101	NA	NA	52	48	63954;67474;67509;67531	1	62263	0.923077
NA20129	2	chr19_KI270923v1_alt	KIR3DP1.0030201	KIR3DP1.034	NA	NA	52	48	63954;67498;67509;67531	1	62263	0.923077
NA20129	2	chr19_KI270923v1_alt	KIR3DP1.0030201	KIR3DP1.037	NA	NA	52	48	63954;63988;67509;67531	1	62263	0.923077
NA20129	2	chr19_KI270923v1_alt	KIR3DP1.0030201	KIR3DP1.044	NA	NA	52	48	63954;65714;67509;67531	1	62263	0.923077
NA20129	2	chr19_KI270923v1_alt	KIR3DP1.0030201	KIR3DP1.046	NA	NA	52	48	63954;64095;67509;67531	1	62263	0.923077
NA20129	2	chr19_KI270923v1_alt	KIR3DP1.0030201	KIR3DP1.049	NA	NA	52	48	63954;65834;67509;67531	1	62263	0.923077
NA20129	2	chr19_KI270923v1_alt	KIR3DP1.0030210	KIR3DP1.00303	NA	NA	52	48	63954;65730;67509;67531	1	62263	0.923077
NA20129	2	chr19_KI270923v1_alt	KIR3DP1.0030210	KIR3DP1.0030401	NA	NA	52	48	63954;67509;67531;67674	1	62263	0.923077
NA20129	2	chr19_KI270923v1_alt	KIR3DP1.0030210	KIR3DP1.0030601	NA	NA	52	48	63954;67452;67509;67531	1	62263	0.923077
NA20129	2	chr19_KI270923v1_alt	KIR3DP1.0030210	KIR3DP1.00310	NA	NA	52	48	63954;65835;67509;67531	1	62263	0.923077
NA20129	2	chr19_KI270923v1_alt	KIR3DP1.0030210	KIR3DP1.00311	NA	NA	52	48	63954;67407;67509;67531	1	62263	0.923077
NA20129	2	chr19_KI270923v1_alt	KIR3DP1.0030210	KIR3DP1.00312	NA	NA	52	48	63954;67425;67509;67531	1	62263	0.923077
NA20129	2	chr19_KI270923v1_alt	KIR3DP1.0030210	KIR3DP1.004	NA	NA	52	48	63062;63954;67509;67531	2	62263;63061	0.923077
NA20129	2	chr19_KI270923v1_alt	KIR3DP1.0030210	KIR3DP1.008	NA	NA	52	48	63954;65731;67509;67531	1	62263	0.923077
NA20129	2	chr19_KI270923v1_alt	KIR3DP1.0030210	KIR3DP1.0090101	NA	NA	52	48	63062;63954;67509;67531	2	62263;63061	0.923077
NA20129	2	chr19_KI270923v1_alt	KIR3DP1.0030210	KIR3DP1.0140101	NA	NA	52	48	63849;63954;67509;67531	1	62263	0.923077
NA20129	2	chr19_KI270923v1_alt	KIR3DP1.0030210	KIR3DP1.0150101	NA	NA	52	48	63954;65687;67509;67531	1	62263	0.923077
NA20129	2	chr19_KI270923v1_alt	KIR3DP1.0030210	KIR3DP1.017	NA	NA	52	48	63954;65797;67509;67531	1	62263	0.923077
NA20129	2	chr19_KI270923v1_alt	KIR3DP1.0030210	KIR3DP1.025	NA	NA	52	48	63954;64045;67509;67531	1	62263	0.923077
NA20129	2	chr19_KI270923v1_alt	KIR3DP1.0030210	KIR3DP1.0280101	NA	NA	52	48	63954;67426;67509;67531	1	62263	0.923077
NA20129	2	chr19_KI270923v1_alt	KIR3DP1.0030210	KIR3DP1.0320101	NA	NA	52	48	63954;67474;67509;67531	1	62263	0.923077
NA20129	2	chr19_KI270923v1_alt	KIR3DP1.0030210	KIR3DP1.034	NA	NA	52	48	63954;67498;67509;67531	1	62263	0.923077
NA20129	2	chr19_KI270923v1_alt	KIR3DP1.0030210	KIR3DP1.037	NA	NA	52	48	63954;63988;67509;67531	1	62263	0.923077
NA20129	2	chr19_KI270923v1_alt	KIR3DP1.0030210	KIR3DP1.044	NA	NA	52	48	63954;65714;67509;67531	1	62263	0.923077
NA20129	2	chr19_KI270923v1_alt	KIR3DP1.0030210	KIR3DP1.046	NA	NA	52	48	63954;64095;67509;67531	1	62263	0.923077
NA20129	2	chr19_KI270923v1_alt	KIR3DP1.0030210	KIR3DP1.049	NA	NA	52	48	63954;65834;67509;67531	1	62263	0.923077
NA20129	2	chr19_KI270923v1_alt	KIR3DP1.00303	KIR3DP1.00303	NA	NA	52	48	63954;65730;67509;67531	1	62263	0.923077
NA20129	2	chr19_KI270923v1_alt	KIR3DP1.00303	KIR3DP1.007	NA	NA	52	48	63062;65730;67509;67531	2	62263;63061	0.923077
NA20129	2	chr19_KI270923v1_alt	KIR3DP1.00303	KIR3DP1.016	NA	NA	52	48	63954;65687;65730;67531	1	62263	0.923077
NA20129	2	chr19_KI270923v1_alt	KIR3DP1.00303	KIR3DP1.024	NA	NA	52	48	63954;65730;67531;67674	1	62263	0.923077
NA20129	2	chr19_KI270923v1_alt	KIR3DP1.00303	KIR3DP1.038	NA	NA	52	48	63954;65730;67509;67531	1	62263	0.923077
NA20129	2	chr19_KI270923v1_alt	KIR3DP1.0030401	KIR3DP1.0030401	NA	NA	52	48	63954;67509;67531;67674	1	62263	0.923077
NA20129	2	chr19_KI270923v1_alt	KIR3DP1.0030401	KIR3DP1.007	NA	NA	52	48	63062;67509;67531;67674	2	62263;63061	0.923077
NA20129	2	chr19_KI270923v1_alt	KIR3DP1.0030401	KIR3DP1.016	NA	NA	52	48	63954;65687;67531;67674	1	62263	0.923077
NA20129	2	chr19_KI270923v1_alt	KIR3DP1.0030401	KIR3DP1.038	NA	NA	52	48	63954;67509;67531;67674	1	62263	0.923077
NA20129	2	chr19_KI270923v1_alt	KIR3DP1.0030601	KIR3DP1.0030601	NA	NA	52	48	63954;67452;67509;67531	1	62263	0.923077
NA20129	2	chr19_KI270923v1_alt	KIR3DP1.0030601	KIR3DP1.007	NA	NA	52	48	63062;67452;67509;67531	2	62263;63061	0.923077
NA20129	2	chr19_KI270923v1_alt	KIR3DP1.0030601	KIR3DP1.016	NA	NA	52	48	63954;65687;67452;67531	1	62263	0.923077
NA20129	2	chr19_KI270923v1_alt	KIR3DP1.0030601	KIR3DP1.024	NA	NA	52	48	63954;67452;67531;67674	1	62263	0.923077
NA20129	2	chr19_KI270923v1_alt	KIR3DP1.0030601	KIR3DP1.038	NA	NA	52	48	63954;67452;67509;67531	1	62263	0.923077
NA20129	2	chr19_KI270923v1_alt	KIR3DP1.00310	KIR3DP1.00310	NA	NA	52	48	63954;65835;67509;67531	1	62263	0.923077
NA20129	2	chr19_KI270923v1_alt	KIR3DP1.00310	KIR3DP1.007	NA	NA	52	48	63062;65835;67509;67531	2	62263;63061	0.923077
NA20129	2	chr19_KI270923v1_alt	KIR3DP1.00310	KIR3DP1.016	NA	NA	52	48	63954;65687;65835;67531	1	62263	0.923077
NA20129	2	chr19_KI270923v1_alt	KIR3DP1.00310	KIR3DP1.024	NA	NA	52	48	63954;65835;67531;67674	1	62263	0.923077
NA20129	2	chr19_KI270923v1_alt	KIR3DP1.00310	KIR3DP1.038	NA	NA	52	48	63954;65835;67509;67531	1	62263	0.923077
NA20129	2	chr19_KI270923v1_alt	KIR3DP1.00311	KIR3DP1.00311	NA	NA	52	48	63954;67407;67509;67531	1	62263	0.923077
NA20129	2	chr19_KI270923v1_alt	KIR3DP1.00311	KIR3DP1.007	NA	NA	52	48	63062;67407;67509;67531	2	62263;63061	0.923077
NA20129	2	chr19_KI270923v1_alt	KIR3DP1.00311	KIR3DP1.016	NA	NA	52	48	63954;65687;67407;67531	1	62263	0.923077
NA20129	2	chr19_KI270923v1_alt	KIR3DP1.00311	KIR3DP1.024	NA	NA	52	48	63954;67407;67531;67674	1	62263	0.923077
NA20129	2	chr19_KI270923v1_alt	KIR3DP1.00311	KIR3DP1.038	NA	NA	52	48	63954;67407;67509;67531	1	62263	0.923077
NA20129	2	chr19_KI270923v1_alt	KIR3DP1.00312	KIR3DP1.00312	NA	NA	52	48	63954;67425;67509;67531	1	62263	0.923077
NA20129	2	chr19_KI270923v1_alt	KIR3DP1.00312	KIR3DP1.007	NA	NA	52	48	63062;67425;67509;67531	2	62263;63061	0.923077
NA20129	2	chr19_KI270923v1_alt	KIR3DP1.00312	KIR3DP1.016	NA	NA	52	48	63954;65687;67425;67531	1	62263	0.923077
NA20129	2	chr19_KI270923v1_alt	KIR3DP1.00312	KIR3DP1.024	NA	NA	52	48	63954;67425;67531;67674	1	62263	0.923077
NA20129	2	chr19_KI270923v1_alt	KIR3DP1.00312	KIR3DP1.038	NA	NA	52	48	63954;67425;67509;67531	1	62263	0.923077
NA20129	2	chr19_KI270923v1_alt	KIR3DP1.004	KIR3DP1.0090101	NA	NA	52	48	63062;63954;67509;67531	2	62263;63061	0.923077
NA20129	2	chr19_KI270923v1_alt	KIR3DP1.004	KIR3DP1.016	NA	NA	52	48	63062;63954;65687;67531	2	62263;63061	0.923077
NA20129	2	chr19_KI270923v1_alt	KIR3DP1.004	KIR3DP1.024	NA	NA	52	48	63062;63954;67531;67674	2	62263;63061	0.923077
NA20129	2	chr19_KI270923v1_alt	KIR3DP1.004	KIR3DP1.038	NA	NA	52	48	63062;63954;67509;67531	2	62263;63061	0.923077
NA20129	2	chr19_KI270923v1_alt	KIR3DP1.0060101	KIR3DP1.0060101	NA	NA	52	48	63954;65687;67509;67531	1	62263	0.923077
NA20129	2	chr19_KI270923v1_alt	KIR3DP1.0060101	KIR3DP1.0100101	NA	NA	52	48	63954;65687;67509;67531	1	62263	0.923077
NA20129	2	chr19_KI270923v1_alt	KIR3DP1.0060101	KIR3DP1.024	NA	NA	52	48	63954;65687;67509;67674	1	62263	0.923077
NA20129	2	chr19_KI270923v1_alt	KIR3DP1.007	KIR3DP1.007	NA	NA	52	48	63062;63954;67509;67531	2	62263;63061	0.923077
NA20129	2	chr19_KI270923v1_alt	KIR3DP1.007	KIR3DP1.008	NA	NA	52	48	63062;65731;67509;67531	2	62263;63061	0.923077
NA20129	2	chr19_KI270923v1_alt	KIR3DP1.007	KIR3DP1.0140101	NA	NA	52	48	63062;63849;67509;67531	2	62263;63061	0.923077
NA20129	2	chr19_KI270923v1_alt	KIR3DP1.007	KIR3DP1.0150101	NA	NA	52	48	63062;65687;67509;67531	2	62263;63061	0.923077
NA20129	2	chr19_KI270923v1_alt	KIR3DP1.007	KIR3DP1.017	NA	NA	52	48	63062;65797;67509;67531	2	62263;63061	0.923077
NA20129	2	chr19_KI270923v1_alt	KIR3DP1.007	KIR3DP1.025	NA	NA	52	48	63062;64045;67509;67531	2	62263;63061	0.923077
NA20129	2	chr19_KI270923v1_alt	KIR3DP1.007	KIR3DP1.0280101	NA	NA	52	48	63062;67426;67509;67531	2	62263;63061	0.923077
NA20129	2	chr19_KI270923v1_alt	KIR3DP1.007	KIR3DP1.0320101	NA	NA	52	48	63062;67474;67509;67531	2	62263;63061	0.923077
NA20129	2	chr19_KI270923v1_alt	KIR3DP1.007	KIR3DP1.034	NA	NA	52	48	63062;67498;67509;67531	2	62263;63061	0.923077
NA20129	2	chr19_KI270923v1_alt	KIR3DP1.007	KIR3DP1.037	NA	NA	52	48	63062;63988;67509;67531	2	62263;63061	0.923077
NA20129	2	chr19_KI270923v1_alt	KIR3DP1.007	KIR3DP1.044	NA	NA	52	48	63062;65714;67509;67531	2	62263;63061	0.923077
NA20129	2	chr19_KI270923v1_alt	KIR3DP1.007	KIR3DP1.046	NA	NA	52	48	63062;64095;67509;67531	2	62263;63061	0.923077
NA20129	2	chr19_KI270923v1_alt	KIR3DP1.007	KIR3DP1.049	NA	NA	52	48	63062;65834;67509;67531	2	62263;63061	0.923077
NA20129	2	chr19_KI270923v1_alt	KIR3DP1.008	KIR3DP1.008	NA	NA	52	48	63954;65731;67509;67531	1	62263	0.923077
NA20129	2	chr19_KI270923v1_alt	KIR3DP1.008	KIR3DP1.016	NA	NA	52	48	63954;65687;65731;67531	1	62263	0.923077
NA20129	2	chr19_KI270923v1_alt	KIR3DP1.008	KIR3DP1.024	NA	NA	52	48	63954;65731;67531;67674	1	62263	0.923077
NA20129	2	chr19_KI270923v1_alt	KIR3DP1.008	KIR3DP1.038	NA	NA	52	48	63954;65731;67509;67531	1	62263	0.923077
NA20129	2	chr19_KI270923v1_alt	KIR3DP1.0090101	KIR3DP1.0090101	NA	NA	52	48	63062;63954;67509;67531	2	62263;63061	0.923077
NA20129	2	chr19_KI270923v1_alt	KIR3DP1.0090101	KIR3DP1.016	NA	NA	52	48	63062;63954;65687;67531	2	62263;63061	0.923077
NA20129	2	chr19_KI270923v1_alt	KIR3DP1.0090101	KIR3DP1.024	NA	NA	52	48	63062;63954;67531;67674	2	62263;63061	0.923077
NA20129	2	chr19_KI270923v1_alt	KIR3DP1.0090101	KIR3DP1.038	NA	NA	52	48	63062;63954;67509;67531	2	62263;63061	0.923077
NA20129	2	chr19_KI270923v1_alt	KIR3DP1.0100101	KIR3DP1.01002	NA	NA	52	48	63954;64082;67509;67531	1	62263	0.923077
NA20129	2	chr19_KI270923v1_alt	KIR3DP1.0100101	KIR3DP1.01003	NA	NA	52	48	63954;67509;67531;67674	1	62263	0.923077
NA20129	2	chr19_KI270923v1_alt	KIR3DP1.0100101	KIR3DP1.01004	NA	NA	52	48	63954;67452;67509;67531	1	62263	0.923077
NA20129	2	chr19_KI270923v1_alt	KIR3DP1.0100101	KIR3DP1.01005	NA	NA	52	48	63954;67509;67531;67641	1	62263	0.923077
NA20129	2	chr19_KI270923v1_alt	KIR3DP1.0100101	KIR3DP1.011	NA	NA	52	48	63062;63954;67509;67531	2	62263;63061	0.923077
NA20129	2	chr19_KI270923v1_alt	KIR3DP1.0100101	KIR3DP1.036	NA	NA	52	48	63954;63988;67509;67531	1	62263	0.923077
NA20129	2	chr19_KI270923v1_alt	KIR3DP1.0100101	KIR3DP1.045	NA	NA	52	48	63954;65720;67509;67531	1	62263	0.923077
NA20129	2	chr19_KI270923v1_alt	KIR3DP1.0100101	KIR3DP1.048	NA	NA	52	48	63954;67509;67531;67682	1	62263	0.923077
NA20129	2	chr19_KI270923v1_alt	KIR3DP1.0100101	KIR3DP1.051	NA	NA	52	48	63954;67463;67509;67531	1	62263	0.923077
NA20129	2	chr19_KI270923v1_alt	KIR3DP1.01002	KIR3DP1.01002	NA	NA	52	48	63954;64082;67509;67531	1	62263	0.923077
NA20129	2	chr19_KI270923v1_alt	KIR3DP1.01002	KIR3DP1.016	NA	NA	52	48	63954;64082;65687;67509	1	62263	0.923077
NA20129	2	chr19_KI270923v1_alt	KIR3DP1.01002	KIR3DP1.024	NA	NA	52	48	63954;64082;67509;67674	1	62263	0.923077
NA20129	2	chr19_KI270923v1_alt	KIR3DP1.01003	KIR3DP1.01003	NA	NA	52	48	63954;67509;67531;67674	1	62263	0.923077
NA20129	2	chr19_KI270923v1_alt	KIR3DP1.01003	KIR3DP1.016	NA	NA	52	48	63954;65687;67509;67674	1	62263	0.923077
NA20129	2	chr19_KI270923v1_alt	KIR3DP1.01004	KIR3DP1.01004	NA	NA	52	48	63954;67452;67509;67531	1	62263	0.923077
NA20129	2	chr19_KI270923v1_alt	KIR3DP1.01004	KIR3DP1.016	NA	NA	52	48	63954;65687;67452;67509	1	62263	0.923077
NA20129	2	chr19_KI270923v1_alt	KIR3DP1.01004	KIR3DP1.024	NA	NA	52	48	63954;67452;67509;67674	1	62263	0.923077
NA20129	2	chr19_KI270923v1_alt	KIR3DP1.01005	KIR3DP1.01005	NA	NA	52	48	63954;67509;67531;67641	1	62263	0.923077
NA20129	2	chr19_KI270923v1_alt	KIR3DP1.01005	KIR3DP1.016	NA	NA	52	48	63954;65687;67509;67641	1	62263	0.923077
NA20129	2	chr19_KI270923v1_alt	KIR3DP1.01005	KIR3DP1.024	NA	NA	52	48	63954;67509;67641;67674	1	62263	0.923077
NA20129	2	chr19_KI270923v1_alt	KIR3DP1.011	KIR3DP1.011	NA	NA	52	48	63062;63954;67509;67531	2	62263;63061	0.923077
NA20129	2	chr19_KI270923v1_alt	KIR3DP1.011	KIR3DP1.016	NA	NA	52	48	63062;63954;65687;67509	2	62263;63061	0.923077
NA20129	2	chr19_KI270923v1_alt	KIR3DP1.011	KIR3DP1.024	NA	NA	52	48	63062;63954;67509;67674	2	62263;63061	0.923077
NA20129	2	chr19_KI270923v1_alt	KIR3DP1.0140101	KIR3DP1.0140101	NA	NA	52	48	63849;63954;67509;67531	1	62263	0.923077
NA20129	2	chr19_KI270923v1_alt	KIR3DP1.0140101	KIR3DP1.016	NA	NA	52	48	63849;63954;65687;67531	1	62263	0.923077
NA20129	2	chr19_KI270923v1_alt	KIR3DP1.0140101	KIR3DP1.024	NA	NA	52	48	63849;63954;67531;67674	1	62263	0.923077
NA20129	2	chr19_KI270923v1_alt	KIR3DP1.0140101	KIR3DP1.038	NA	NA	52	48	63849;63954;67509;67531	1	62263	0.923077
NA20129	2	chr19_KI270923v1_alt	KIR3DP1.0150101	KIR3DP1.0150101	NA	NA	52	48	63954;65687;67509;67531	1	62263	0.923077
NA20129	2	chr19_KI270923v1_alt	KIR3DP1.0150101	KIR3DP1.024	NA	NA	52	48	63954;65687;67531;67674	1	62263	0.923077
NA20129	2	chr19_KI270923v1_alt	KIR3DP1.0150101	KIR3DP1.038	NA	NA	52	48	63954;65687;67509;67531	1	62263	0.923077
NA20129	2	chr19_KI270923v1_alt	KIR3DP1.016	KIR3DP1.016	NA	NA	52	48	63954;65687;67509;67531	1	62263	0.923077
NA20129	2	chr19_KI270923v1_alt	KIR3DP1.016	KIR3DP1.017	NA	NA	52	48	63954;65687;65797;67531	1	62263	0.923077
NA20129	2	chr19_KI270923v1_alt	KIR3DP1.016	KIR3DP1.025	NA	NA	52	48	63954;64045;65687;67531	1	62263	0.923077
NA20129	2	chr19_KI270923v1_alt	KIR3DP1.016	KIR3DP1.0280101	NA	NA	52	48	63954;65687;67426;67531	1	62263	0.923077
NA20129	2	chr19_KI270923v1_alt	KIR3DP1.016	KIR3DP1.0320101	NA	NA	52	48	63954;65687;67474;67531	1	62263	0.923077
NA20129	2	chr19_KI270923v1_alt	KIR3DP1.016	KIR3DP1.034	NA	NA	52	48	63954;65687;67498;67531	1	62263	0.923077
NA20129	2	chr19_KI270923v1_alt	KIR3DP1.016	KIR3DP1.036	NA	NA	52	48	63954;63988;65687;67509	1	62263	0.923077
NA20129	2	chr19_KI270923v1_alt	KIR3DP1.016	KIR3DP1.037	NA	NA	52	48	63954;63988;65687;67531	1	62263	0.923077
NA20129	2	chr19_KI270923v1_alt	KIR3DP1.016	KIR3DP1.044	NA	NA	52	48	63954;65687;65714;67531	1	62263	0.923077
NA20129	2	chr19_KI270923v1_alt	KIR3DP1.016	KIR3DP1.045	NA	NA	52	48	63954;65687;65720;67509	1	62263	0.923077
NA20129	2	chr19_KI270923v1_alt	KIR3DP1.016	KIR3DP1.046	NA	NA	52	48	63954;64095;65687;67531	1	62263	0.923077
NA20129	2	chr19_KI270923v1_alt	KIR3DP1.016	KIR3DP1.048	NA	NA	52	48	63954;65687;67509;67682	1	62263	0.923077
NA20129	2	chr19_KI270923v1_alt	KIR3DP1.016	KIR3DP1.049	NA	NA	52	48	63954;65687;65834;67531	1	62263	0.923077
NA20129	2	chr19_KI270923v1_alt	KIR3DP1.016	KIR3DP1.051	NA	NA	52	48	63954;65687;67463;67509	1	62263	0.923077
NA20129	2	chr19_KI270923v1_alt	KIR3DP1.017	KIR3DP1.017	NA	NA	52	48	63954;65797;67509;67531	1	62263	0.923077
NA20129	2	chr19_KI270923v1_alt	KIR3DP1.017	KIR3DP1.024	NA	NA	52	48	63954;65797;67531;67674	1	62263	0.923077
NA20129	2	chr19_KI270923v1_alt	KIR3DP1.017	KIR3DP1.038	NA	NA	52	48	63954;65797;67509;67531	1	62263	0.923077
NA20129	2	chr19_KI270923v1_alt	KIR3DP1.024	KIR3DP1.024	NA	NA	52	48	63954;67509;67531;67674	1	62263	0.923077
NA20129	2	chr19_KI270923v1_alt	KIR3DP1.024	KIR3DP1.025	NA	NA	52	48	63954;64045;67531;67674	1	62263	0.923077
NA20129	2	chr19_KI270923v1_alt	KIR3DP1.024	KIR3DP1.0280101	NA	NA	52	48	63954;67426;67531;67674	1	62263	0.923077
NA20129	2	chr19_KI270923v1_alt	KIR3DP1.024	KIR3DP1.0320101	NA	NA	52	48	63954;67474;67531;67674	1	62263	0.923077
NA20129	2	chr19_KI270923v1_alt	KIR3DP1.024	KIR3DP1.034	NA	NA	52	48	63954;67498;67531;67674	1	62263	0.923077
NA20129	2	chr19_KI270923v1_alt	KIR3DP1.024	KIR3DP1.036	NA	NA	52	48	63954;63988;67509;67674	1	62263	0.923077
NA20129	2	chr19_KI270923v1_alt	KIR3DP1.024	KIR3DP1.037	NA	NA	52	48	63954;63988;67531;67674	1	62263	0.923077
NA20129	2	chr19_KI270923v1_alt	KIR3DP1.024	KIR3DP1.044	NA	NA	52	48	63954;65714;67531;67674	1	62263	0.923077
NA20129	2	chr19_KI270923v1_alt	KIR3DP1.024	KIR3DP1.045	NA	NA	52	48	63954;65720;67509;67674	1	62263	0.923077
NA20129	2	chr19_KI270923v1_alt	KIR3DP1.024	KIR3DP1.046	NA	NA	52	48	63954;64095;67531;67674	1	62263	0.923077
NA20129	2	chr19_KI270923v1_alt	KIR3DP1.024	KIR3DP1.048	NA	NA	52	48	63954;67509;67674;67682	1	62263	0.923077
NA20129	2	chr19_KI270923v1_alt	KIR3DP1.024	KIR3DP1.049	NA	NA	52	48	63954;65834;67531;67674	1	62263	0.923077
NA20129	2	chr19_KI270923v1_alt	KIR3DP1.024	KIR3DP1.051	NA	NA	52	48	63954;67463;67509;67674	1	62263	0.923077
NA20129	2	chr19_KI270923v1_alt	KIR3DP1.025	KIR3DP1.025	NA	NA	52	48	63954;64045;67509;67531	1	62263	0.923077
NA20129	2	chr19_KI270923v1_alt	KIR3DP1.025	KIR3DP1.038	NA	NA	52	48	63954;64045;67509;67531	1	62263	0.923077
NA20129	2	chr19_KI270923v1_alt	KIR3DP1.0280101	KIR3DP1.0280101	NA	NA	52	48	63954;67426;67509;67531	1	62263	0.923077
NA20129	2	chr19_KI270923v1_alt	KIR3DP1.0280101	KIR3DP1.038	NA	NA	52	48	63954;67426;67509;67531	1	62263	0.923077
NA20129	2	chr19_KI270923v1_alt	KIR3DP1.0320101	KIR3DP1.0320101	NA	NA	52	48	63954;67474;67509;67531	1	62263	0.923077
NA20129	2	chr19_KI270923v1_alt	KIR3DP1.0320101	KIR3DP1.038	NA	NA	52	48	63954;67474;67509;67531	1	62263	0.923077
NA20129	2	chr19_KI270923v1_alt	KIR3DP1.034	KIR3DP1.034	NA	NA	52	48	63954;67498;67509;67531	1	62263	0.923077
NA20129	2	chr19_KI270923v1_alt	KIR3DP1.034	KIR3DP1.038	NA	NA	52	48	63954;67498;67509;67531	1	62263	0.923077
NA20129	2	chr19_KI270923v1_alt	KIR3DP1.036	KIR3DP1.036	NA	NA	52	48	63954;63988;67509;67531	1	62263	0.923077
NA20129	2	chr19_KI270923v1_alt	KIR3DP1.037	KIR3DP1.037	NA	NA	52	48	63954;63988;67509;67531	1	62263	0.923077
NA20129	2	chr19_KI270923v1_alt	KIR3DP1.037	KIR3DP1.038	NA	NA	52	48	63954;63988;67509;67531	1	62263	0.923077
NA20129	2	chr19_KI270923v1_alt	KIR3DP1.038	KIR3DP1.044	NA	NA	52	48	63954;65714;67509;67531	1	62263	0.923077
NA20129	2	chr19_KI270923v1_alt	KIR3DP1.038	KIR3DP1.046	NA	NA	52	48	63954;64095;67509;67531	1	62263	0.923077
NA20129	2	chr19_KI270923v1_alt	KIR3DP1.038	KIR3DP1.049	NA	NA	52	48	63954;65834;67509;67531	1	62263	0.923077
NA20129	2	chr19_KI270923v1_alt	KIR3DP1.044	KIR3DP1.044	NA	NA	52	48	63954;65714;67509;67531	1	62263	0.923077
NA20129	2	chr19_KI270923v1_alt	KIR3DP1.045	KIR3DP1.045	NA	NA	52	48	63954;65720;67509;67531	1	62263	0.923077
NA20129	2	chr19_KI270923v1_alt	KIR3DP1.046	KIR3DP1.046	NA	NA	52	48	63954;64095;67509;67531	1	62263	0.923077
NA20129	2	chr19_KI270923v1_alt	KIR3DP1.048	KIR3DP1.048	NA	NA	52	48	63954;67509;67531;67682	1	62263	0.923077
NA20129	2	chr19_KI270923v1_alt	KIR3DP1.049	KIR3DP1.049	NA	NA	52	48	63954;65834;67509;67531	1	62263	0.923077
NA20129	2	chr19_KI270923v1_alt	KIR3DP1.051	KIR3DP1.051	NA	NA	52	48	63954;67463;67509;67531	1	62263	0.923077
NA20129	2	chr19_KI270923v1_alt	KIR3DP1.001	KIR3DP1.0030101	NA	NA	52	47	63062;63869;63954;67509;67531	2	62263;63061	0.903846
NA20129	2	chr19_KI270923v1_alt	KIR3DP1.001	KIR3DP1.00303	NA	NA	52	47	63062;63954;65730;67509;67531	2	62263;63061	0.903846
NA20129	2	chr19_KI270923v1_alt	KIR3DP1.001	KIR3DP1.0030401	NA	NA	52	47	63062;63954;67509;67531;67674	2	62263;63061	0.903846
NA20129	2	chr19_KI270923v1_alt	KIR3DP1.001	KIR3DP1.0030601	NA	NA	52	47	63062;63954;67452;67509;67531	2	62263;63061	0.903846
NA20129	2	chr19_KI270923v1_alt	KIR3DP1.001	KIR3DP1.00310	NA	NA	52	47	63062;63954;65835;67509;67531	2	62263;63061	0.903846
NA20129	2	chr19_KI270923v1_alt	KIR3DP1.001	KIR3DP1.00311	NA	NA	52	47	63062;63954;67407;67509;67531	2	62263;63061	0.903846
NA20129	2	chr19_KI270923v1_alt	KIR3DP1.001	KIR3DP1.00312	NA	NA	52	47	63062;63954;67425;67509;67531	2	62263;63061	0.903846
NA20129	2	chr19_KI270923v1_alt	KIR3DP1.001	KIR3DP1.008	NA	NA	52	47	63062;63954;65731;67509;67531	2	62263;63061	0.903846
NA20129	2	chr19_KI270923v1_alt	KIR3DP1.001	KIR3DP1.0140101	NA	NA	52	47	63062;63849;63954;67509;67531	2	62263;63061	0.903846
NA20129	2	chr19_KI270923v1_alt	KIR3DP1.001	KIR3DP1.0150101	NA	NA	52	47	63062;63954;65687;67509;67531	2	62263;63061	0.903846
NA20129	2	chr19_KI270923v1_alt	KIR3DP1.001	KIR3DP1.017	NA	NA	52	47	63062;63954;65797;67509;67531	2	62263;63061	0.903846
NA20129	2	chr19_KI270923v1_alt	KIR3DP1.001	KIR3DP1.025	NA	NA	52	47	63062;63954;64045;67509;67531	2	62263;63061	0.903846
NA20129	2	chr19_KI270923v1_alt	KIR3DP1.001	KIR3DP1.0280101	NA	NA	52	47	63062;63954;67426;67509;67531	2	62263;63061	0.903846
NA20129	2	chr19_KI270923v1_alt	KIR3DP1.001	KIR3DP1.0320101	NA	NA	52	47	63062;63954;67474;67509;67531	2	62263;63061	0.903846
NA20129	2	chr19_KI270923v1_alt	KIR3DP1.001	KIR3DP1.034	NA	NA	52	47	63062;63954;67498;67509;67531	2	62263;63061	0.903846
NA20129	2	chr19_KI270923v1_alt	KIR3DP1.001	KIR3DP1.037	NA	NA	52	47	63062;63954;63988;67509;67531	2	62263;63061	0.903846
NA20129	2	chr19_KI270923v1_alt	KIR3DP1.001	KIR3DP1.044	NA	NA	52	47	63062;63954;65714;67509;67531	2	62263;63061	0.903846
NA20129	2	chr19_KI270923v1_alt	KIR3DP1.001	KIR3DP1.046	NA	NA	52	47	63062;63954;64095;67509;67531	2	62263;63061	0.903846
NA20129	2	chr19_KI270923v1_alt	KIR3DP1.001	KIR3DP1.049	NA	NA	52	47	63062;63954;65834;67509;67531	2	62263;63061	0.903846
NA20129	2	chr19_KI270923v1_alt	KIR3DP1.002	KIR3DP1.016	NA	NA	52	47	63062;63954;65687;67509;67531	2	62263;63061	0.903846
NA20129	2	chr19_KI270923v1_alt	KIR3DP1.002	KIR3DP1.024	NA	NA	52	47	63062;63954;67509;67531;67674	2	62263;63061	0.903846
NA20129	2	chr19_KI270923v1_alt	KIR3DP1.0030101	KIR3DP1.00303	NA	NA	52	47	63869;63954;65730;67509;67531	1	62263	0.903846
NA20129	2	chr19_KI270923v1_alt	KIR3DP1.0030101	KIR3DP1.0030401	NA	NA	52	47	63869;63954;67509;67531;67674	1	62263	0.903846
NA20129	2	chr19_KI270923v1_alt	KIR3DP1.0030101	KIR3DP1.0030601	NA	NA	52	47	63869;63954;67452;67509;67531	1	62263	0.903846
NA20129	2	chr19_KI270923v1_alt	KIR3DP1.0030101	KIR3DP1.00310	NA	NA	52	47	63869;63954;65835;67509;67531	1	62263	0.903846
NA20129	2	chr19_KI270923v1_alt	KIR3DP1.0030101	KIR3DP1.00311	NA	NA	52	47	63869;63954;67407;67509;67531	1	62263	0.903846
NA20129	2	chr19_KI270923v1_alt	KIR3DP1.0030101	KIR3DP1.00312	NA	NA	52	47	63869;63954;67425;67509;67531	1	62263	0.903846
NA20129	2	chr19_KI270923v1_alt	KIR3DP1.0030101	KIR3DP1.004	NA	NA	52	47	63062;63869;63954;67509;67531	2	62263;63061	0.903846
NA20129	2	chr19_KI270923v1_alt	KIR3DP1.0030101	KIR3DP1.008	NA	NA	52	47	63869;63954;65731;67509;67531	1	62263	0.903846
NA20129	2	chr19_KI270923v1_alt	KIR3DP1.0030101	KIR3DP1.0090101	NA	NA	52	47	63062;63869;63954;67509;67531	2	62263;63061	0.903846
NA20129	2	chr19_KI270923v1_alt	KIR3DP1.0030101	KIR3DP1.0140101	NA	NA	52	47	63849;63869;63954;67509;67531	1	62263	0.903846
NA20129	2	chr19_KI270923v1_alt	KIR3DP1.0030101	KIR3DP1.0150101	NA	NA	52	47	63869;63954;65687;67509;67531	1	62263	0.903846
NA20129	2	chr19_KI270923v1_alt	KIR3DP1.0030101	KIR3DP1.017	NA	NA	52	47	63869;63954;65797;67509;67531	1	62263	0.903846
NA20129	2	chr19_KI270923v1_alt	KIR3DP1.0030101	KIR3DP1.025	NA	NA	52	47	63869;63954;64045;67509;67531	1	62263	0.903846
NA20129	2	chr19_KI270923v1_alt	KIR3DP1.0030101	KIR3DP1.0280101	NA	NA	52	47	63869;63954;67426;67509;67531	1	62263	0.903846
NA20129	2	chr19_KI270923v1_alt	KIR3DP1.0030101	KIR3DP1.0320101	NA	NA	52	47	63869;63954;67474;67509;67531	1	62263	0.903846
NA20129	2	chr19_KI270923v1_alt	KIR3DP1.0030101	KIR3DP1.034	NA	NA	52	47	63869;63954;67498;67509;67531	1	62263	0.903846
NA20129	2	chr19_KI270923v1_alt	KIR3DP1.0030101	KIR3DP1.037	NA	NA	52	47	63869;63954;63988;67509;67531	1	62263	0.903846
NA20129	2	chr19_KI270923v1_alt	KIR3DP1.0030101	KIR3DP1.044	NA	NA	52	47	63869;63954;65714;67509;67531	1	62263	0.903846
NA20129	2	chr19_KI270923v1_alt	KIR3DP1.0030101	KIR3DP1.046	NA	NA	52	47	63869;63954;64095;67509;67531	1	62263	0.903846
NA20129	2	chr19_KI270923v1_alt	KIR3DP1.0030101	KIR3DP1.049	NA	NA	52	47	63869;63954;65834;67509;67531	1	62263	0.903846
NA20129	2	chr19_KI270923v1_alt	KIR3DP1.00303	KIR3DP1.0030401	NA	NA	52	47	63954;65730;67509;67531;67674	1	62263	0.903846
NA20129	2	chr19_KI270923v1_alt	KIR3DP1.00303	KIR3DP1.0030601	NA	NA	52	47	63954;65730;67452;67509;67531	1	62263	0.903846
NA20129	2	chr19_KI270923v1_alt	KIR3DP1.00303	KIR3DP1.00310	NA	NA	52	47	63954;65730;65835;67509;67531	1	62263	0.903846
NA20129	2	chr19_KI270923v1_alt	KIR3DP1.00303	KIR3DP1.00311	NA	NA	52	47	63954;65730;67407;67509;67531	1	62263	0.903846
NA20129	2	chr19_KI270923v1_alt	KIR3DP1.00303	KIR3DP1.00312	NA	NA	52	47	63954;65730;67425;67509;67531	1	62263	0.903846
NA20129	2	chr19_KI270923v1_alt	KIR3DP1.00303	KIR3DP1.004	NA	NA	52	47	63062;63954;65730;67509;67531	2	62263;63061	0.903846
NA20129	2	chr19_KI270923v1_alt	KIR3DP1.00303	KIR3DP1.008	NA	NA	52	47	63954;65730;65731;67509;67531	1	62263	0.903846
NA20129	2	chr19_KI270923v1_alt	KIR3DP1.00303	KIR3DP1.0090101	NA	NA	52	47	63062;63954;65730;67509;67531	2	62263;63061	0.903846
NA20129	2	chr19_KI270923v1_alt	KIR3DP1.00303	KIR3DP1.0140101	NA	NA	52	47	63849;63954;65730;67509;67531	1	62263	0.903846
NA20129	2	chr19_KI270923v1_alt	KIR3DP1.00303	KIR3DP1.0150101	NA	NA	52	47	63954;65687;65730;67509;67531	1	62263	0.903846
NA20129	2	chr19_KI270923v1_alt	KIR3DP1.00303	KIR3DP1.017	NA	NA	52	47	63954;65730;65797;67509;67531	1	62263	0.903846
NA20129	2	chr19_KI270923v1_alt	KIR3DP1.00303	KIR3DP1.025	NA	NA	52	47	63954;64045;65730;67509;67531	1	62263	0.903846
NA20129	2	chr19_KI270923v1_alt	KIR3DP1.00303	KIR3DP1.0280101	NA	NA	52	47	63954;65730;67426;67509;67531	1	62263	0.903846
NA20129	2	chr19_KI270923v1_alt	KIR3DP1.00303	KIR3DP1.0320101	NA	NA	52	47	63954;65730;67474;67509;67531	1	62263	0.903846
NA20129	2	chr19_KI270923v1_alt	KIR3DP1.00303	KIR3DP1.034	NA	NA	52	47	63954;65730;67498;67509;67531	1	62263	0.903846
NA20129	2	chr19_KI270923v1_alt	KIR3DP1.00303	KIR3DP1.037	NA	NA	52	47	63954;63988;65730;67509;67531	1	62263	0.903846
NA20129	2	chr19_KI270923v1_alt	KIR3DP1.00303	KIR3DP1.044	NA	NA	52	47	63954;65714;65730;67509;67531	1	62263	0.903846
NA20129	2	chr19_KI270923v1_alt	KIR3DP1.00303	KIR3DP1.046	NA	NA	52	47	63954;64095;65730;67509;67531	1	62263	0.903846
NA20129	2	chr19_KI270923v1_alt	KIR3DP1.00303	KIR3DP1.049	NA	NA	52	47	63954;65730;65834;67509;67531	1	62263	0.903846
NA20129	2	chr19_KI270923v1_alt	KIR3DP1.0030401	KIR3DP1.0030601	NA	NA	52	47	63954;67452;67509;67531;67674	1	62263	0.903846
NA20129	2	chr19_KI270923v1_alt	KIR3DP1.0030401	KIR3DP1.00310	NA	NA	52	47	63954;65835;67509;67531;67674	1	62263	0.903846
NA20129	2	chr19_KI270923v1_alt	KIR3DP1.0030401	KIR3DP1.00311	NA	NA	52	47	63954;67407;67509;67531;67674	1	62263	0.903846
NA20129	2	chr19_KI270923v1_alt	KIR3DP1.0030401	KIR3DP1.00312	NA	NA	52	47	63954;67425;67509;67531;67674	1	62263	0.903846
NA20129	2	chr19_KI270923v1_alt	KIR3DP1.0030401	KIR3DP1.004	NA	NA	52	47	63062;63954;67509;67531;67674	2	62263;63061	0.903846
NA20129	2	chr19_KI270923v1_alt	KIR3DP1.0030401	KIR3DP1.008	NA	NA	52	47	63954;65731;67509;67531;67674	1	62263	0.903846
NA20129	2	chr19_KI270923v1_alt	KIR3DP1.0030401	KIR3DP1.0090101	NA	NA	52	47	63062;63954;67509;67531;67674	2	62263;63061	0.903846
NA20129	2	chr19_KI270923v1_alt	KIR3DP1.0030401	KIR3DP1.0140101	NA	NA	52	47	63849;63954;67509;67531;67674	1	62263	0.903846
NA20129	2	chr19_KI270923v1_alt	KIR3DP1.0030401	KIR3DP1.0150101	NA	NA	52	47	63954;65687;67509;67531;67674	1	62263	0.903846
NA20129	2	chr19_KI270923v1_alt	KIR3DP1.0030401	KIR3DP1.017	NA	NA	52	47	63954;65797;67509;67531;67674	1	62263	0.903846
NA20129	2	chr19_KI270923v1_alt	KIR3DP1.0030401	KIR3DP1.025	NA	NA	52	47	63954;64045;67509;67531;67674	1	62263	0.903846
NA20129	2	chr19_KI270923v1_alt	KIR3DP1.0030401	KIR3DP1.0280101	NA	NA	52	47	63954;67426;67509;67531;67674	1	62263	0.903846
NA20129	2	chr19_KI270923v1_alt	KIR3DP1.0030401	KIR3DP1.0320101	NA	NA	52	47	63954;67474;67509;67531;67674	1	62263	0.903846
NA20129	2	chr19_KI270923v1_alt	KIR3DP1.0030401	KIR3DP1.034	NA	NA	52	47	63954;67498;67509;67531;67674	1	62263	0.903846
NA20129	2	chr19_KI270923v1_alt	KIR3DP1.0030401	KIR3DP1.037	NA	NA	52	47	63954;63988;67509;67531;67674	1	62263	0.903846
NA20129	2	chr19_KI270923v1_alt	KIR3DP1.0030401	KIR3DP1.044	NA	NA	52	47	63954;65714;67509;67531;67674	1	62263	0.903846
NA20129	2	chr19_KI270923v1_alt	KIR3DP1.0030401	KIR3DP1.046	NA	NA	52	47	63954;64095;67509;67531;67674	1	62263	0.903846
NA20129	2	chr19_KI270923v1_alt	KIR3DP1.0030401	KIR3DP1.049	NA	NA	52	47	63954;65834;67509;67531;67674	1	62263	0.903846
NA20129	2	chr19_KI270923v1_alt	KIR3DP1.0030601	KIR3DP1.00310	NA	NA	52	47	63954;65835;67452;67509;67531	1	62263	0.903846
NA20129	2	chr19_KI270923v1_alt	KIR3DP1.0030601	KIR3DP1.00311	NA	NA	52	47	63954;67407;67452;67509;67531	1	62263	0.903846
NA20129	2	chr19_KI270923v1_alt	KIR3DP1.0030601	KIR3DP1.00312	NA	NA	52	47	63954;67425;67452;67509;67531	1	62263	0.903846
NA20129	2	chr19_KI270923v1_alt	KIR3DP1.0030601	KIR3DP1.004	NA	NA	52	47	63062;63954;67452;67509;67531	2	62263;63061	0.903846
NA20129	2	chr19_KI270923v1_alt	KIR3DP1.0030601	KIR3DP1.008	NA	NA	52	47	63954;65731;67452;67509;67531	1	62263	0.903846
NA20129	2	chr19_KI270923v1_alt	KIR3DP1.0030601	KIR3DP1.0090101	NA	NA	52	47	63062;63954;67452;67509;67531	2	62263;63061	0.903846
NA20129	2	chr19_KI270923v1_alt	KIR3DP1.0030601	KIR3DP1.0140101	NA	NA	52	47	63849;63954;67452;67509;67531	1	62263	0.903846
NA20129	2	chr19_KI270923v1_alt	KIR3DP1.0030601	KIR3DP1.0150101	NA	NA	52	47	63954;65687;67452;67509;67531	1	62263	0.903846
NA20129	2	chr19_KI270923v1_alt	KIR3DP1.0030601	KIR3DP1.017	NA	NA	52	47	63954;65797;67452;67509;67531	1	62263	0.903846
NA20129	2	chr19_KI270923v1_alt	KIR3DP1.0030601	KIR3DP1.025	NA	NA	52	47	63954;64045;67452;67509;67531	1	62263	0.903846
NA20129	2	chr19_KI270923v1_alt	KIR3DP1.0030601	KIR3DP1.0280101	NA	NA	52	47	63954;67426;67452;67509;67531	1	62263	0.903846
NA20129	2	chr19_KI270923v1_alt	KIR3DP1.0030601	KIR3DP1.0320101	NA	NA	52	47	63954;67452;67474;67509;67531	1	62263	0.903846
NA20129	2	chr19_KI270923v1_alt	KIR3DP1.0030601	KIR3DP1.034	NA	NA	52	47	63954;67452;67498;67509;67531	1	62263	0.903846
NA20129	2	chr19_KI270923v1_alt	KIR3DP1.0030601	KIR3DP1.037	NA	NA	52	47	63954;63988;67452;67509;67531	1	62263	0.903846
NA20129	2	chr19_KI270923v1_alt	KIR3DP1.0030601	KIR3DP1.044	NA	NA	52	47	63954;65714;67452;67509;67531	1	62263	0.903846
NA20129	2	chr19_KI270923v1_alt	KIR3DP1.0030601	KIR3DP1.046	NA	NA	52	47	63954;64095;67452;67509;67531	1	62263	0.903846
NA20129	2	chr19_KI270923v1_alt	KIR3DP1.0030601	KIR3DP1.049	NA	NA	52	47	63954;65834;67452;67509;67531	1	62263	0.903846
NA20129	2	chr19_KI270923v1_alt	KIR3DP1.00310	KIR3DP1.00311	NA	NA	52	47	63954;65835;67407;67509;67531	1	62263	0.903846
NA20129	2	chr19_KI270923v1_alt	KIR3DP1.00310	KIR3DP1.00312	NA	NA	52	47	63954;65835;67425;67509;67531	1	62263	0.903846
NA20129	2	chr19_KI270923v1_alt	KIR3DP1.00310	KIR3DP1.004	NA	NA	52	47	63062;63954;65835;67509;67531	2	62263;63061	0.903846
NA20129	2	chr19_KI270923v1_alt	KIR3DP1.00310	KIR3DP1.008	NA	NA	52	47	63954;65731;65835;67509;67531	1	62263	0.903846
NA20129	2	chr19_KI270923v1_alt	KIR3DP1.00310	KIR3DP1.0090101	NA	NA	52	47	63062;63954;65835;67509;67531	2	62263;63061	0.903846
NA20129	2	chr19_KI270923v1_alt	KIR3DP1.00310	KIR3DP1.0140101	NA	NA	52	47	63849;63954;65835;67509;67531	1	62263	0.903846
NA20129	2	chr19_KI270923v1_alt	KIR3DP1.00310	KIR3DP1.0150101	NA	NA	52	47	63954;65687;65835;67509;67531	1	62263	0.903846
NA20129	2	chr19_KI270923v1_alt	KIR3DP1.00310	KIR3DP1.017	NA	NA	52	47	63954;65797;65835;67509;67531	1	62263	0.903846
NA20129	2	chr19_KI270923v1_alt	KIR3DP1.00310	KIR3DP1.025	NA	NA	52	47	63954;64045;65835;67509;67531	1	62263	0.903846
NA20129	2	chr19_KI270923v1_alt	KIR3DP1.00310	KIR3DP1.0280101	NA	NA	52	47	63954;65835;67426;67509;67531	1	62263	0.903846
NA20129	2	chr19_KI270923v1_alt	KIR3DP1.00310	KIR3DP1.0320101	NA	NA	52	47	63954;65835;67474;67509;67531	1	62263	0.903846
NA20129	2	chr19_KI270923v1_alt	KIR3DP1.00310	KIR3DP1.034	NA	NA	52	47	63954;65835;67498;67509;67531	1	62263	0.903846
NA20129	2	chr19_KI270923v1_alt	KIR3DP1.00310	KIR3DP1.037	NA	NA	52	47	63954;63988;65835;67509;67531	1	62263	0.903846
NA20129	2	chr19_KI270923v1_alt	KIR3DP1.00310	KIR3DP1.044	NA	NA	52	47	63954;65714;65835;67509;67531	1	62263	0.903846
NA20129	2	chr19_KI270923v1_alt	KIR3DP1.00310	KIR3DP1.046	NA	NA	52	47	63954;64095;65835;67509;67531	1	62263	0.903846
NA20129	2	chr19_KI270923v1_alt	KIR3DP1.00310	KIR3DP1.049	NA	NA	52	47	63954;65834;65835;67509;67531	1	62263	0.903846
NA20129	2	chr19_KI270923v1_alt	KIR3DP1.00311	KIR3DP1.00312	NA	NA	52	47	63954;67407;67425;67509;67531	1	62263	0.903846
NA20129	2	chr19_KI270923v1_alt	KIR3DP1.00311	KIR3DP1.004	NA	NA	52	47	63062;63954;67407;67509;67531	2	62263;63061	0.903846
NA20129	2	chr19_KI270923v1_alt	KIR3DP1.00311	KIR3DP1.008	NA	NA	52	47	63954;65731;67407;67509;67531	1	62263	0.903846
NA20129	2	chr19_KI270923v1_alt	KIR3DP1.00311	KIR3DP1.0090101	NA	NA	52	47	63062;63954;67407;67509;67531	2	62263;63061	0.903846
NA20129	2	chr19_KI270923v1_alt	KIR3DP1.00311	KIR3DP1.0140101	NA	NA	52	47	63849;63954;67407;67509;67531	1	62263	0.903846
NA20129	2	chr19_KI270923v1_alt	KIR3DP1.00311	KIR3DP1.0150101	NA	NA	52	47	63954;65687;67407;67509;67531	1	62263	0.903846
NA20129	2	chr19_KI270923v1_alt	KIR3DP1.00311	KIR3DP1.017	NA	NA	52	47	63954;65797;67407;67509;67531	1	62263	0.903846
NA20129	2	chr19_KI270923v1_alt	KIR3DP1.00311	KIR3DP1.025	NA	NA	52	47	63954;64045;67407;67509;67531	1	62263	0.903846
NA20129	2	chr19_KI270923v1_alt	KIR3DP1.00311	KIR3DP1.0280101	NA	NA	52	47	63954;67407;67426;67509;67531	1	62263	0.903846
NA20129	2	chr19_KI270923v1_alt	KIR3DP1.00311	KIR3DP1.0320101	NA	NA	52	47	63954;67407;67474;67509;67531	1	62263	0.903846
NA20129	2	chr19_KI270923v1_alt	KIR3DP1.00311	KIR3DP1.034	NA	NA	52	47	63954;67407;67498;67509;67531	1	62263	0.903846
NA20129	2	chr19_KI270923v1_alt	KIR3DP1.00311	KIR3DP1.037	NA	NA	52	47	63954;63988;67407;67509;67531	1	62263	0.903846
NA20129	2	chr19_KI270923v1_alt	KIR3DP1.00311	KIR3DP1.044	NA	NA	52	47	63954;65714;67407;67509;67531	1	62263	0.903846
NA20129	2	chr19_KI270923v1_alt	KIR3DP1.00311	KIR3DP1.046	NA	NA	52	47	63954;64095;67407;67509;67531	1	62263	0.903846
NA20129	2	chr19_KI270923v1_alt	KIR3DP1.00311	KIR3DP1.049	NA	NA	52	47	63954;65834;67407;67509;67531	1	62263	0.903846
NA20129	2	chr19_KI270923v1_alt	KIR3DP1.00312	KIR3DP1.004	NA	NA	52	47	63062;63954;67425;67509;67531	2	62263;63061	0.903846
NA20129	2	chr19_KI270923v1_alt	KIR3DP1.00312	KIR3DP1.008	NA	NA	52	47	63954;65731;67425;67509;67531	1	62263	0.903846
NA20129	2	chr19_KI270923v1_alt	KIR3DP1.00312	KIR3DP1.0090101	NA	NA	52	47	63062;63954;67425;67509;67531	2	62263;63061	0.903846
NA20129	2	chr19_KI270923v1_alt	KIR3DP1.00312	KIR3DP1.0140101	NA	NA	52	47	63849;63954;67425;67509;67531	1	62263	0.903846
NA20129	2	chr19_KI270923v1_alt	KIR3DP1.00312	KIR3DP1.0150101	NA	NA	52	47	63954;65687;67425;67509;67531	1	62263	0.903846
NA20129	2	chr19_KI270923v1_alt	KIR3DP1.00312	KIR3DP1.017	NA	NA	52	47	63954;65797;67425;67509;67531	1	62263	0.903846
NA20129	2	chr19_KI270923v1_alt	KIR3DP1.00312	KIR3DP1.025	NA	NA	52	47	63954;64045;67425;67509;67531	1	62263	0.903846
NA20129	2	chr19_KI270923v1_alt	KIR3DP1.00312	KIR3DP1.0280101	NA	NA	52	47	63954;67425;67426;67509;67531	1	62263	0.903846
NA20129	2	chr19_KI270923v1_alt	KIR3DP1.00312	KIR3DP1.0320101	NA	NA	52	47	63954;67425;67474;67509;67531	1	62263	0.903846
NA20129	2	chr19_KI270923v1_alt	KIR3DP1.00312	KIR3DP1.034	NA	NA	52	47	63954;67425;67498;67509;67531	1	62263	0.903846
NA20129	2	chr19_KI270923v1_alt	KIR3DP1.00312	KIR3DP1.037	NA	NA	52	47	63954;63988;67425;67509;67531	1	62263	0.903846
NA20129	2	chr19_KI270923v1_alt	KIR3DP1.00312	KIR3DP1.044	NA	NA	52	47	63954;65714;67425;67509;67531	1	62263	0.903846
NA20129	2	chr19_KI270923v1_alt	KIR3DP1.00312	KIR3DP1.046	NA	NA	52	47	63954;64095;67425;67509;67531	1	62263	0.903846
NA20129	2	chr19_KI270923v1_alt	KIR3DP1.00312	KIR3DP1.049	NA	NA	52	47	63954;65834;67425;67509;67531	1	62263	0.903846
NA20129	2	chr19_KI270923v1_alt	KIR3DP1.004	KIR3DP1.004	NA	NA	52	47	62263;63062;63954;67509;67531	2	62263;63061	0.903846
NA20129	2	chr19_KI270923v1_alt	KIR3DP1.004	KIR3DP1.008	NA	NA	52	47	63062;63954;65731;67509;67531	2	62263;63061	0.903846
NA20129	2	chr19_KI270923v1_alt	KIR3DP1.004	KIR3DP1.0140101	NA	NA	52	47	63062;63849;63954;67509;67531	2	62263;63061	0.903846
NA20129	2	chr19_KI270923v1_alt	KIR3DP1.004	KIR3DP1.0150101	NA	NA	52	47	63062;63954;65687;67509;67531	2	62263;63061	0.903846
NA20129	2	chr19_KI270923v1_alt	KIR3DP1.004	KIR3DP1.017	NA	NA	52	47	63062;63954;65797;67509;67531	2	62263;63061	0.903846
NA20129	2	chr19_KI270923v1_alt	KIR3DP1.004	KIR3DP1.025	NA	NA	52	47	63062;63954;64045;67509;67531	2	62263;63061	0.903846
NA20129	2	chr19_KI270923v1_alt	KIR3DP1.004	KIR3DP1.0280101	NA	NA	52	47	63062;63954;67426;67509;67531	2	62263;63061	0.903846
NA20129	2	chr19_KI270923v1_alt	KIR3DP1.004	KIR3DP1.0320101	NA	NA	52	47	63062;63954;67474;67509;67531	2	62263;63061	0.903846
NA20129	2	chr19_KI270923v1_alt	KIR3DP1.004	KIR3DP1.034	NA	NA	52	47	63062;63954;67498;67509;67531	2	62263;63061	0.903846
NA20129	2	chr19_KI270923v1_alt	KIR3DP1.004	KIR3DP1.037	NA	NA	52	47	63062;63954;63988;67509;67531	2	62263;63061	0.903846
NA20129	2	chr19_KI270923v1_alt	KIR3DP1.004	KIR3DP1.044	NA	NA	52	47	63062;63954;65714;67509;67531	2	62263;63061	0.903846
NA20129	2	chr19_KI270923v1_alt	KIR3DP1.004	KIR3DP1.046	NA	NA	52	47	63062;63954;64095;67509;67531	2	62263;63061	0.903846
NA20129	2	chr19_KI270923v1_alt	KIR3DP1.004	KIR3DP1.049	NA	NA	52	47	63062;63954;65834;67509;67531	2	62263;63061	0.903846
NA20129	2	chr19_KI270923v1_alt	KIR3DP1.0060101	KIR3DP1.01002	NA	NA	52	47	63954;64082;65687;67509;67531	1	62263	0.903846
NA20129	2	chr19_KI270923v1_alt	KIR3DP1.0060101	KIR3DP1.01003	NA	NA	52	47	63954;65687;67509;67531;67674	1	62263	0.903846
NA20129	2	chr19_KI270923v1_alt	KIR3DP1.0060101	KIR3DP1.01004	NA	NA	52	47	63954;65687;67452;67509;67531	1	62263	0.903846
NA20129	2	chr19_KI270923v1_alt	KIR3DP1.0060101	KIR3DP1.01005	NA	NA	52	47	63954;65687;67509;67531;67641	1	62263	0.903846
NA20129	2	chr19_KI270923v1_alt	KIR3DP1.0060101	KIR3DP1.011	NA	NA	52	47	63062;63954;65687;67509;67531	2	62263;63061	0.903846
NA20129	2	chr19_KI270923v1_alt	KIR3DP1.0060101	KIR3DP1.036	NA	NA	52	47	63954;63988;65687;67509;67531	1	62263	0.903846
NA20129	2	chr19_KI270923v1_alt	KIR3DP1.0060101	KIR3DP1.045	NA	NA	52	47	63954;65687;65720;67509;67531	1	62263	0.903846
NA20129	2	chr19_KI270923v1_alt	KIR3DP1.0060101	KIR3DP1.048	NA	NA	52	47	63954;65687;67509;67531;67682	1	62263	0.903846
NA20129	2	chr19_KI270923v1_alt	KIR3DP1.0060101	KIR3DP1.051	NA	NA	52	47	63954;65687;67463;67509;67531	1	62263	0.903846
NA20129	2	chr19_KI270923v1_alt	KIR3DP1.008	KIR3DP1.0090101	NA	NA	52	47	63062;63954;65731;67509;67531	2	62263;63061	0.903846
NA20129	2	chr19_KI270923v1_alt	KIR3DP1.008	KIR3DP1.0140101	NA	NA	52	47	63849;63954;65731;67509;67531	1	62263	0.903846
NA20129	2	chr19_KI270923v1_alt	KIR3DP1.008	KIR3DP1.0150101	NA	NA	52	47	63954;65687;65731;67509;67531	1	62263	0.903846
NA20129	2	chr19_KI270923v1_alt	KIR3DP1.008	KIR3DP1.017	NA	NA	52	47	63954;65731;65797;67509;67531	1	62263	0.903846
NA20129	2	chr19_KI270923v1_alt	KIR3DP1.008	KIR3DP1.025	NA	NA	52	47	63954;64045;65731;67509;67531	1	62263	0.903846
NA20129	2	chr19_KI270923v1_alt	KIR3DP1.008	KIR3DP1.0280101	NA	NA	52	47	63954;65731;67426;67509;67531	1	62263	0.903846
NA20129	2	chr19_KI270923v1_alt	KIR3DP1.008	KIR3DP1.0320101	NA	NA	52	47	63954;65731;67474;67509;67531	1	62263	0.903846
NA20129	2	chr19_KI270923v1_alt	KIR3DP1.008	KIR3DP1.034	NA	NA	52	47	63954;65731;67498;67509;67531	1	62263	0.903846
NA20129	2	chr19_KI270923v1_alt	KIR3DP1.008	KIR3DP1.037	NA	NA	52	47	63954;63988;65731;67509;67531	1	62263	0.903846
NA20129	2	chr19_KI270923v1_alt	KIR3DP1.008	KIR3DP1.044	NA	NA	52	47	63954;65714;65731;67509;67531	1	62263	0.903846
NA20129	2	chr19_KI270923v1_alt	KIR3DP1.008	KIR3DP1.046	NA	NA	52	47	63954;64095;65731;67509;67531	1	62263	0.903846
NA20129	2	chr19_KI270923v1_alt	KIR3DP1.008	KIR3DP1.049	NA	NA	52	47	63954;65731;65834;67509;67531	1	62263	0.903846
NA20129	2	chr19_KI270923v1_alt	KIR3DP1.0090101	KIR3DP1.0140101	NA	NA	52	47	63062;63849;63954;67509;67531	2	62263;63061	0.903846
NA20129	2	chr19_KI270923v1_alt	KIR3DP1.0090101	KIR3DP1.0150101	NA	NA	52	47	63062;63954;65687;67509;67531	2	62263;63061	0.903846
NA20129	2	chr19_KI270923v1_alt	KIR3DP1.0090101	KIR3DP1.017	NA	NA	52	47	63062;63954;65797;67509;67531	2	62263;63061	0.903846
NA20129	2	chr19_KI270923v1_alt	KIR3DP1.0090101	KIR3DP1.025	NA	NA	52	47	63062;63954;64045;67509;67531	2	62263;63061	0.903846
NA20129	2	chr19_KI270923v1_alt	KIR3DP1.0090101	KIR3DP1.0280101	NA	NA	52	47	63062;63954;67426;67509;67531	2	62263;63061	0.903846
NA20129	2	chr19_KI270923v1_alt	KIR3DP1.0090101	KIR3DP1.0320101	NA	NA	52	47	63062;63954;67474;67509;67531	2	62263;63061	0.903846
NA20129	2	chr19_KI270923v1_alt	KIR3DP1.0090101	KIR3DP1.034	NA	NA	52	47	63062;63954;67498;67509;67531	2	62263;63061	0.903846
NA20129	2	chr19_KI270923v1_alt	KIR3DP1.0090101	KIR3DP1.037	NA	NA	52	47	63062;63954;63988;67509;67531	2	62263;63061	0.903846
NA20129	2	chr19_KI270923v1_alt	KIR3DP1.0090101	KIR3DP1.044	NA	NA	52	47	63062;63954;65714;67509;67531	2	62263;63061	0.903846
NA20129	2	chr19_KI270923v1_alt	KIR3DP1.0090101	KIR3DP1.046	NA	NA	52	47	63062;63954;64095;67509;67531	2	62263;63061	0.903846
NA20129	2	chr19_KI270923v1_alt	KIR3DP1.0090101	KIR3DP1.049	NA	NA	52	47	63062;63954;65834;67509;67531	2	62263;63061	0.903846
NA20129	2	chr19_KI270923v1_alt	KIR3DP1.01002	KIR3DP1.01003	NA	NA	52	47	63954;64082;67509;67531;67674	1	62263	0.903846
NA20129	2	chr19_KI270923v1_alt	KIR3DP1.01002	KIR3DP1.01004	NA	NA	52	47	63954;64082;67452;67509;67531	1	62263	0.903846
NA20129	2	chr19_KI270923v1_alt	KIR3DP1.01002	KIR3DP1.01005	NA	NA	52	47	63954;64082;67509;67531;67641	1	62263	0.903846
NA20129	2	chr19_KI270923v1_alt	KIR3DP1.01002	KIR3DP1.011	NA	NA	52	47	63062;63954;64082;67509;67531	2	62263;63061	0.903846
NA20129	2	chr19_KI270923v1_alt	KIR3DP1.01002	KIR3DP1.036	NA	NA	52	47	63954;63988;64082;67509;67531	1	62263	0.903846
NA20129	2	chr19_KI270923v1_alt	KIR3DP1.01002	KIR3DP1.045	NA	NA	52	47	63954;64082;65720;67509;67531	1	62263	0.903846
NA20129	2	chr19_KI270923v1_alt	KIR3DP1.01002	KIR3DP1.048	NA	NA	52	47	63954;64082;67509;67531;67682	1	62263	0.903846
NA20129	2	chr19_KI270923v1_alt	KIR3DP1.01002	KIR3DP1.051	NA	NA	52	47	63954;64082;67463;67509;67531	1	62263	0.903846
NA20129	2	chr19_KI270923v1_alt	KIR3DP1.01003	KIR3DP1.01004	NA	NA	52	47	63954;67452;67509;67531;67674	1	62263	0.903846
NA20129	2	chr19_KI270923v1_alt	KIR3DP1.01003	KIR3DP1.01005	NA	NA	52	47	63954;67509;67531;67641;67674	1	62263	0.903846
NA20129	2	chr19_KI270923v1_alt	KIR3DP1.01003	KIR3DP1.011	NA	NA	52	47	63062;63954;67509;67531;67674	2	62263;63061	0.903846
NA20129	2	chr19_KI270923v1_alt	KIR3DP1.01003	KIR3DP1.036	NA	NA	52	47	63954;63988;67509;67531;67674	1	62263	0.903846
NA20129	2	chr19_KI270923v1_alt	KIR3DP1.01003	KIR3DP1.045	NA	NA	52	47	63954;65720;67509;67531;67674	1	62263	0.903846
NA20129	2	chr19_KI270923v1_alt	KIR3DP1.01003	KIR3DP1.048	NA	NA	52	47	63954;67509;67531;67674;67682	1	62263	0.903846
NA20129	2	chr19_KI270923v1_alt	KIR3DP1.01003	KIR3DP1.051	NA	NA	52	47	63954;67463;67509;67531;67674	1	62263	0.903846
NA20129	2	chr19_KI270923v1_alt	KIR3DP1.01004	KIR3DP1.01005	NA	NA	52	47	63954;67452;67509;67531;67641	1	62263	0.903846
NA20129	2	chr19_KI270923v1_alt	KIR3DP1.01004	KIR3DP1.011	NA	NA	52	47	63062;63954;67452;67509;67531	2	62263;63061	0.903846
NA20129	2	chr19_KI270923v1_alt	KIR3DP1.01004	KIR3DP1.036	NA	NA	52	47	63954;63988;67452;67509;67531	1	62263	0.903846
NA20129	2	chr19_KI270923v1_alt	KIR3DP1.01004	KIR3DP1.045	NA	NA	52	47	63954;65720;67452;67509;67531	1	62263	0.903846
NA20129	2	chr19_KI270923v1_alt	KIR3DP1.01004	KIR3DP1.048	NA	NA	52	47	63954;67452;67509;67531;67682	1	62263	0.903846
NA20129	2	chr19_KI270923v1_alt	KIR3DP1.01004	KIR3DP1.051	NA	NA	52	47	63954;67452;67463;67509;67531	1	62263	0.903846
NA20129	2	chr19_KI270923v1_alt	KIR3DP1.01005	KIR3DP1.011	NA	NA	52	47	63062;63954;67509;67531;67641	2	62263;63061	0.903846
NA20129	2	chr19_KI270923v1_alt	KIR3DP1.01005	KIR3DP1.036	NA	NA	52	47	63954;63988;67509;67531;67641	1	62263	0.903846
NA20129	2	chr19_KI270923v1_alt	KIR3DP1.01005	KIR3DP1.045	NA	NA	52	47	63954;65720;67509;67531;67641	1	62263	0.903846
NA20129	2	chr19_KI270923v1_alt	KIR3DP1.01005	KIR3DP1.048	NA	NA	52	47	63954;67509;67531;67641;67682	1	62263	0.903846
NA20129	2	chr19_KI270923v1_alt	KIR3DP1.01005	KIR3DP1.051	NA	NA	52	47	63954;67463;67509;67531;67641	1	62263	0.903846
NA20129	2	chr19_KI270923v1_alt	KIR3DP1.011	KIR3DP1.036	NA	NA	52	47	63062;63954;63988;67509;67531	2	62263;63061	0.903846
NA20129	2	chr19_KI270923v1_alt	KIR3DP1.011	KIR3DP1.045	NA	NA	52	47	63062;63954;65720;67509;67531	2	62263;63061	0.903846
NA20129	2	chr19_KI270923v1_alt	KIR3DP1.011	KIR3DP1.048	NA	NA	52	47	63062;63954;67509;67531;67682	2	62263;63061	0.903846
NA20129	2	chr19_KI270923v1_alt	KIR3DP1.011	KIR3DP1.051	NA	NA	52	47	63062;63954;67463;67509;67531	2	62263;63061	0.903846
NA20129	2	chr19_KI270923v1_alt	KIR3DP1.0140101	KIR3DP1.0150101	NA	NA	52	47	63849;63954;65687;67509;67531	1	62263	0.903846
NA20129	2	chr19_KI270923v1_alt	KIR3DP1.0140101	KIR3DP1.017	NA	NA	52	47	63849;63954;65797;67509;67531	1	62263	0.903846
NA20129	2	chr19_KI270923v1_alt	KIR3DP1.0140101	KIR3DP1.025	NA	NA	52	47	63849;63954;64045;67509;67531	1	62263	0.903846
NA20129	2	chr19_KI270923v1_alt	KIR3DP1.0140101	KIR3DP1.0280101	NA	NA	52	47	63849;63954;67426;67509;67531	1	62263	0.903846
NA20129	2	chr19_KI270923v1_alt	KIR3DP1.0140101	KIR3DP1.0320101	NA	NA	52	47	63849;63954;67474;67509;67531	1	62263	0.903846
NA20129	2	chr19_KI270923v1_alt	KIR3DP1.0140101	KIR3DP1.034	NA	NA	52	47	63849;63954;67498;67509;67531	1	62263	0.903846
NA20129	2	chr19_KI270923v1_alt	KIR3DP1.0140101	KIR3DP1.037	NA	NA	52	47	63849;63954;63988;67509;67531	1	62263	0.903846
NA20129	2	chr19_KI270923v1_alt	KIR3DP1.0140101	KIR3DP1.044	NA	NA	52	47	63849;63954;65714;67509;67531	1	62263	0.903846
NA20129	2	chr19_KI270923v1_alt	KIR3DP1.0140101	KIR3DP1.046	NA	NA	52	47	63849;63954;64095;67509;67531	1	62263	0.903846
NA20129	2	chr19_KI270923v1_alt	KIR3DP1.0140101	KIR3DP1.049	NA	NA	52	47	63849;63954;65834;67509;67531	1	62263	0.903846
NA20129	2	chr19_KI270923v1_alt	KIR3DP1.0150101	KIR3DP1.017	NA	NA	52	47	63954;65687;65797;67509;67531	1	62263	0.903846
NA20129	2	chr19_KI270923v1_alt	KIR3DP1.0150101	KIR3DP1.025	NA	NA	52	47	63954;64045;65687;67509;67531	1	62263	0.903846
NA20129	2	chr19_KI270923v1_alt	KIR3DP1.0150101	KIR3DP1.0280101	NA	NA	52	47	63954;65687;67426;67509;67531	1	62263	0.903846
NA20129	2	chr19_KI270923v1_alt	KIR3DP1.0150101	KIR3DP1.0320101	NA	NA	52	47	63954;65687;67474;67509;67531	1	62263	0.903846
NA20129	2	chr19_KI270923v1_alt	KIR3DP1.0150101	KIR3DP1.034	NA	NA	52	47	63954;65687;67498;67509;67531	1	62263	0.903846
NA20129	2	chr19_KI270923v1_alt	KIR3DP1.0150101	KIR3DP1.037	NA	NA	52	47	63954;63988;65687;67509;67531	1	62263	0.903846
NA20129	2	chr19_KI270923v1_alt	KIR3DP1.0150101	KIR3DP1.044	NA	NA	52	47	63954;65687;65714;67509;67531	1	62263	0.903846
NA20129	2	chr19_KI270923v1_alt	KIR3DP1.0150101	KIR3DP1.046	NA	NA	52	47	63954;64095;65687;67509;67531	1	62263	0.903846
NA20129	2	chr19_KI270923v1_alt	KIR3DP1.0150101	KIR3DP1.049	NA	NA	52	47	63954;65687;65834;67509;67531	1	62263	0.903846
NA20129	2	chr19_KI270923v1_alt	KIR3DP1.016	KIR3DP1.024	NA	NA	52	47	63954;65687;67509;67531;67674	1	62263	0.903846
NA20129	2	chr19_KI270923v1_alt	KIR3DP1.017	KIR3DP1.025	NA	NA	52	47	63954;64045;65797;67509;67531	1	62263	0.903846
NA20129	2	chr19_KI270923v1_alt	KIR3DP1.017	KIR3DP1.0280101	NA	NA	52	47	63954;65797;67426;67509;67531	1	62263	0.903846
NA20129	2	chr19_KI270923v1_alt	KIR3DP1.017	KIR3DP1.0320101	NA	NA	52	47	63954;65797;67474;67509;67531	1	62263	0.903846
NA20129	2	chr19_KI270923v1_alt	KIR3DP1.017	KIR3DP1.034	NA	NA	52	47	63954;65797;67498;67509;67531	1	62263	0.903846
NA20129	2	chr19_KI270923v1_alt	KIR3DP1.017	KIR3DP1.037	NA	NA	52	47	63954;63988;65797;67509;67531	1	62263	0.903846
NA20129	2	chr19_KI270923v1_alt	KIR3DP1.017	KIR3DP1.044	NA	NA	52	47	63954;65714;65797;67509;67531	1	62263	0.903846
NA20129	2	chr19_KI270923v1_alt	KIR3DP1.017	KIR3DP1.046	NA	NA	52	47	63954;64095;65797;67509;67531	1	62263	0.903846
NA20129	2	chr19_KI270923v1_alt	KIR3DP1.017	KIR3DP1.049	NA	NA	52	47	63954;65797;65834;67509;67531	1	62263	0.903846
NA20129	2	chr19_KI270923v1_alt	KIR3DP1.025	KIR3DP1.0280101	NA	NA	52	47	63954;64045;67426;67509;67531	1	62263	0.903846
NA20129	2	chr19_KI270923v1_alt	KIR3DP1.025	KIR3DP1.0320101	NA	NA	52	47	63954;64045;67474;67509;67531	1	62263	0.903846
NA20129	2	chr19_KI270923v1_alt	KIR3DP1.025	KIR3DP1.034	NA	NA	52	47	63954;64045;67498;67509;67531	1	62263	0.903846
NA20129	2	chr19_KI270923v1_alt	KIR3DP1.025	KIR3DP1.037	NA	NA	52	47	63954;63988;64045;67509;67531	1	62263	0.903846
NA20129	2	chr19_KI270923v1_alt	KIR3DP1.025	KIR3DP1.044	NA	NA	52	47	63954;64045;65714;67509;67531	1	62263	0.903846
NA20129	2	chr19_KI270923v1_alt	KIR3DP1.025	KIR3DP1.046	NA	NA	52	47	63954;64045;64095;67509;67531	1	62263	0.903846
NA20129	2	chr19_KI270923v1_alt	KIR3DP1.025	KIR3DP1.049	NA	NA	52	47	63954;64045;65834;67509;67531	1	62263	0.903846
NA20129	2	chr19_KI270923v1_alt	KIR3DP1.0280101	KIR3DP1.0320101	NA	NA	52	47	63954;67426;67474;67509;67531	1	62263	0.903846
NA20129	2	chr19_KI270923v1_alt	KIR3DP1.0280101	KIR3DP1.034	NA	NA	52	47	63954;67426;67498;67509;67531	1	62263	0.903846
NA20129	2	chr19_KI270923v1_alt	KIR3DP1.0280101	KIR3DP1.037	NA	NA	52	47	63954;63988;67426;67509;67531	1	62263	0.903846
NA20129	2	chr19_KI270923v1_alt	KIR3DP1.0280101	KIR3DP1.044	NA	NA	52	47	63954;65714;67426;67509;67531	1	62263	0.903846
NA20129	2	chr19_KI270923v1_alt	KIR3DP1.0280101	KIR3DP1.046	NA	NA	52	47	63954;64095;67426;67509;67531	1	62263	0.903846
NA20129	2	chr19_KI270923v1_alt	KIR3DP1.0280101	KIR3DP1.049	NA	NA	52	47	63954;65834;67426;67509;67531	1	62263	0.903846
NA20129	2	chr19_KI270923v1_alt	KIR3DP1.0320101	KIR3DP1.034	NA	NA	52	47	63954;67474;67498;67509;67531	1	62263	0.903846
NA20129	2	chr19_KI270923v1_alt	KIR3DP1.0320101	KIR3DP1.037	NA	NA	52	47	63954;63988;67474;67509;67531	1	62263	0.903846
NA20129	2	chr19_KI270923v1_alt	KIR3DP1.0320101	KIR3DP1.044	NA	NA	52	47	63954;65714;67474;67509;67531	1	62263	0.903846
NA20129	2	chr19_KI270923v1_alt	KIR3DP1.0320101	KIR3DP1.046	NA	NA	52	47	63954;64095;67474;67509;67531	1	62263	0.903846
NA20129	2	chr19_KI270923v1_alt	KIR3DP1.0320101	KIR3DP1.049	NA	NA	52	47	63954;65834;67474;67509;67531	1	62263	0.903846
NA20129	2	chr19_KI270923v1_alt	KIR3DP1.034	KIR3DP1.037	NA	NA	52	47	63954;63988;67498;67509;67531	1	62263	0.903846
NA20129	2	chr19_KI270923v1_alt	KIR3DP1.034	KIR3DP1.044	NA	NA	52	47	63954;65714;67498;67509;67531	1	62263	0.903846
NA20129	2	chr19_KI270923v1_alt	KIR3DP1.034	KIR3DP1.046	NA	NA	52	47	63954;64095;67498;67509;67531	1	62263	0.903846
NA20129	2	chr19_KI270923v1_alt	KIR3DP1.034	KIR3DP1.049	NA	NA	52	47	63954;65834;67498;67509;67531	1	62263	0.903846
NA20129	2	chr19_KI270923v1_alt	KIR3DP1.036	KIR3DP1.045	NA	NA	52	47	63954;63988;65720;67509;67531	1	62263	0.903846
NA20129	2	chr19_KI270923v1_alt	KIR3DP1.036	KIR3DP1.048	NA	NA	52	47	63954;63988;67509;67531;67682	1	62263	0.903846
NA20129	2	chr19_KI270923v1_alt	KIR3DP1.036	KIR3DP1.051	NA	NA	52	47	63954;63988;67463;67509;67531	1	62263	0.903846
NA20129	2	chr19_KI270923v1_alt	KIR3DP1.037	KIR3DP1.044	NA	NA	52	47	63954;63988;65714;67509;67531	1	62263	0.903846
NA20129	2	chr19_KI270923v1_alt	KIR3DP1.037	KIR3DP1.046	NA	NA	52	47	63954;63988;64095;67509;67531	1	62263	0.903846
NA20129	2	chr19_KI270923v1_alt	KIR3DP1.037	KIR3DP1.049	NA	NA	52	47	63954;63988;65834;67509;67531	1	62263	0.903846
NA20129	2	chr19_KI270923v1_alt	KIR3DP1.044	KIR3DP1.046	NA	NA	52	47	63954;64095;65714;67509;67531	1	62263	0.903846
NA20129	2	chr19_KI270923v1_alt	KIR3DP1.044	KIR3DP1.049	NA	NA	52	47	63954;65714;65834;67509;67531	1	62263	0.903846
NA20129	2	chr19_KI270923v1_alt	KIR3DP1.045	KIR3DP1.048	NA	NA	52	47	63954;65720;67509;67531;67682	1	62263	0.903846
NA20129	2	chr19_KI270923v1_alt	KIR3DP1.045	KIR3DP1.051	NA	NA	52	47	63954;65720;67463;67509;67531	1	62263	0.903846
NA20129	2	chr19_KI270923v1_alt	KIR3DP1.046	KIR3DP1.049	NA	NA	52	47	63954;64095;65834;67509;67531	1	62263	0.903846
NA20129	2	chr19_KI270923v1_alt	KIR3DP1.048	KIR3DP1.051	NA	NA	52	47	63954;67463;67509;67531;67682	1	62263	0.903846
