Sample	Copy_number	Chr	Allele_A	Allele_B	Allele_C	Allele_D	Tested_genotypes	Valid_genotypes	Error_list	Missed_genotypes	Missed_list	Ratio
HG00673	1	chr19	KIR3DL1.0070101	KIR3DL1*null	NA	NA	115	115	none	2	54816505;54816526	1.000000
HG00673	1	chr19	KIR3DL1.0070103	KIR3DL1*null	NA	NA	115	115	none	2	54816505;54816526	1.000000
HG00673	1	chr19	KIR3DL1.0070104	KIR3DL1*null	NA	NA	115	115	none	2	54816505;54816526	1.000000
HG00673	1	chr19	KIR3DL1.0070105	KIR3DL1*null	NA	NA	115	115	none	2	54816505;54816526	1.000000
HG00673	1	chr19	KIR3DL1.102	KIR3DL1*null	NA	NA	115	115	none	2	54816505;54816526	1.000000
HG00673	1	chr19	KIR3DL1.00702	KIR3DL1*null	NA	NA	115	114	54821641	2	54816505;54816526	0.991304
HG00673	1	chr19	KIR3DL1.00703	KIR3DL1*null	NA	NA	115	114	54818406	2	54816505;54816526	0.991304
HG00673	1	chr19	KIR3DL1.032	KIR3DL1*null	NA	NA	115	114	54819860	2	54816505;54816526	0.991304
HG00673	1	chr19	KIR3DL1.033	KIR3DL1*null	NA	NA	115	114	54819841	2	54816505;54816526	0.991304
HG00673	1	chr19	KIR3DL1.0150101	KIR3DL1*null	NA	NA	115	112	54829380;54830120;54830134	2	54816505;54816526	0.973913
HG00673	1	chr19	KIR3DL1.018	KIR3DL1*null	NA	NA	110	107	54829380;54830120;54830134	2	54816505;54816526	0.972727
HG00673	1	chr19	KIR3DL1.0250101	KIR3DL1*null	NA	NA	115	112	54821641;54829380;54830134	2	54816505;54816526	0.973913
HG00673	1	chr19	KIR3DL1.0250102	KIR3DL1*null	NA	NA	115	112	54821641;54829380;54830134	2	54816505;54816526	0.973913
HG00673	1	chr19	KIR3DL1.0250103	KIR3DL1*null	NA	NA	115	112	54821641;54829380;54830134	2	54816505;54816526	0.973913
HG00673	1	chr19	KIR3DL1.051	KIR3DL1*null	NA	NA	115	112	54821641;54829380;54830134	2	54816505;54816526	0.973913
HG00673	1	chr19	KIR3DL1.062	KIR3DL1*null	NA	NA	115	112	54819853;54829380;54830134	2	54816505;54816526	0.973913
HG00673	1	chr19	KIR3DL1.068	KIR3DL1*null	NA	NA	115	112	54830134;54830135;54830144	2	54816505;54816526	0.973913
HG00673	1	chr19	KIR3DL1.0080101	KIR3DL1*null	NA	NA	115	111	54818396;54829380;54830120;54830134	2	54816505;54816526	0.965217
HG00673	1	chr19	KIR3DL1.0080102	KIR3DL1*null	NA	NA	115	111	54818396;54829380;54830120;54830134	2	54816505;54816526	0.965217
HG00673	1	chr19	KIR3DL1.0150201	KIR3DL1*null	NA	NA	115	111	54821641;54829380;54830120;54830134	2	54816505;54816526	0.965217
HG00673	1	chr19	KIR3DL1.0150202	KIR3DL1*null	NA	NA	115	111	54821641;54829380;54830120;54830134	2	54816505;54816526	0.965217
HG00673	1	chr19	KIR3DL1.0150204	KIR3DL1*null	NA	NA	115	111	54821641;54829380;54830120;54830134	2	54816505;54816526	0.965217
HG00673	1	chr19	KIR3DL1.0150206	KIR3DL1*null	NA	NA	115	111	54821641;54829380;54830120;54830134	2	54816505;54816526	0.965217
HG00673	1	chr19	KIR3DL1.0150209	KIR3DL1*null	NA	NA	115	111	54821641;54829380;54830120;54830134	2	54816505;54816526	0.965217
HG00673	1	chr19	KIR3DL1.0150213	KIR3DL1*null	NA	NA	115	111	54821641;54829380;54830120;54830134	2	54816505;54816526	0.965217
HG00673	1	chr19	KIR3DL1.0150214	KIR3DL1*null	NA	NA	115	111	54821641;54829380;54830120;54830134	2	54816505;54816526	0.965217
HG00673	1	chr19	KIR3DL1.01503	KIR3DL1*null	NA	NA	115	111	54819933;54829380;54830120;54830134	2	54816505;54816526	0.965217
HG00673	1	chr19	KIR3DL1.01701	KIR3DL1*null	NA	NA	115	111	54817566;54829380;54830120;54830134	2	54816505;54816526	0.965217
HG00673	1	chr19	KIR3DL1.0200101	KIR3DL1*null	NA	NA	115	111	54819853;54829380;54830120;54830134	2	54816505;54816526	0.965217
HG00673	1	chr19	KIR3DL1.0200102	KIR3DL1*null	NA	NA	115	111	54819853;54829380;54830120;54830134	2	54816505;54816526	0.965217
HG00673	1	chr19	KIR3DL1.0200103	KIR3DL1*null	NA	NA	115	111	54819853;54829380;54830120;54830134	2	54816505;54816526	0.965217
HG00673	1	chr19	KIR3DL1.030	KIR3DL1*null	NA	NA	115	111	54818542;54829380;54830120;54830134	2	54816505;54816526	0.965217
HG00673	1	chr19	KIR3DL1.0310101	KIR3DL1*null	NA	NA	115	111	54829380;54830120;54830134;54830243	2	54816505;54816526	0.965217
HG00673	1	chr19	KIR3DL1.0310102	KIR3DL1*null	NA	NA	115	111	54829380;54830120;54830134;54830243	2	54816505;54816526	0.965217
HG00673	1	chr19	KIR3DL1.092	KIR3DL1*null	NA	NA	115	111	54821804;54829380;54830120;54830134	2	54816505;54816526	0.965217
HG00673	1	chr19	KIR3DL1.112	KIR3DL1*null	NA	NA	115	111	54819929;54829380;54830120;54830134	2	54816505;54816526	0.965217
