Sample	Copy_number	Chr	Allele_A	Allele_B	Allele_C	Allele_D	Tested_genotypes	Valid_genotypes	Error_list	Missed_genotypes	Missed_list	Ratio
HG03453	2	chr19	KIR2DS4.0010101	KIR2DS4.00104	NA	NA	28	27	54839432	1	54847931	0.964286
HG03453	2	chr19	KIR2DS4.0010103	KIR2DS4.00104	NA	NA	28	27	54839432	1	54847931	0.964286
HG03453	2	chr19	KIR2DS4.0010106	KIR2DS4.00104	NA	NA	28	27	54839432	1	54847931	0.964286
HG03453	2	chr19	KIR2DS4.0010108	KIR2DS4.00104	NA	NA	28	27	54839432	1	54847931	0.964286
HG03453	2	chr19	KIR2DS4.00104	KIR2DS4.00104	NA	NA	28	27	54839432	1	54847931	0.964286
HG03453	2	chr19	KIR2DS4.0010101	KIR2DS4.0010101	NA	NA	28	26	54839432;54847931	1	54847931	0.928571
HG03453	2	chr19	KIR2DS4.0010101	KIR2DS4.0010103	NA	NA	28	26	54839432;54847931	1	54847931	0.928571
HG03453	2	chr19	KIR2DS4.0010101	KIR2DS4.0010106	NA	NA	28	26	54839432;54847931	1	54847931	0.928571
HG03453	2	chr19	KIR2DS4.0010101	KIR2DS4.0010108	NA	NA	28	26	54839432;54847931	1	54847931	0.928571
HG03453	2	chr19	KIR2DS4.0010101	KIR2DS4.00103	NA	NA	28	26	54839432;54839584	1	54847931	0.928571
HG03453	2	chr19	KIR2DS4.0010101	KIR2DS4.01101	NA	NA	28	26	54839432;54847277	1	54847931	0.928571
HG03453	2	chr19	KIR2DS4.0010103	KIR2DS4.0010103	NA	NA	28	26	54839432;54847931	1	54847931	0.928571
HG03453	2	chr19	KIR2DS4.0010103	KIR2DS4.0010106	NA	NA	28	26	54839432;54847931	1	54847931	0.928571
HG03453	2	chr19	KIR2DS4.0010103	KIR2DS4.0010108	NA	NA	28	26	54839432;54847931	1	54847931	0.928571
HG03453	2	chr19	KIR2DS4.0010103	KIR2DS4.00103	NA	NA	28	26	54839432;54839584	1	54847931	0.928571
HG03453	2	chr19	KIR2DS4.0010103	KIR2DS4.01101	NA	NA	28	26	54839432;54847277	1	54847931	0.928571
HG03453	2	chr19	KIR2DS4.0010106	KIR2DS4.0010106	NA	NA	28	26	54839432;54847931	1	54847931	0.928571
HG03453	2	chr19	KIR2DS4.0010106	KIR2DS4.0010108	NA	NA	28	26	54839432;54847931	1	54847931	0.928571
HG03453	2	chr19	KIR2DS4.0010106	KIR2DS4.00103	NA	NA	28	26	54839432;54839584	1	54847931	0.928571
HG03453	2	chr19	KIR2DS4.0010106	KIR2DS4.01101	NA	NA	28	26	54839432;54847277	1	54847931	0.928571
HG03453	2	chr19	KIR2DS4.0010108	KIR2DS4.0010108	NA	NA	28	26	54839432;54847931	1	54847931	0.928571
HG03453	2	chr19	KIR2DS4.0010108	KIR2DS4.00103	NA	NA	28	26	54839432;54839584	1	54847931	0.928571
HG03453	2	chr19	KIR2DS4.0010108	KIR2DS4.01101	NA	NA	28	26	54839432;54847277	1	54847931	0.928571
HG03453	2	chr19	KIR2DS4.00102	KIR2DS4.00104	NA	NA	28	26	54839432;54839524	1	54847931	0.928571
HG03453	2	chr19	KIR2DS4.00103	KIR2DS4.00103	NA	NA	27	25	54839432;54839584	0	none	0.925926
HG03453	2	chr19	KIR2DS4.00103	KIR2DS4.00104	NA	NA	28	26	54839432;54839584	1	54847931	0.928571
HG03453	2	chr19	KIR2DS4.00104	KIR2DS4.00105	NA	NA	28	26	54839432;54839692	1	54847931	0.928571
HG03453	2	chr19	KIR2DS4.00104	KIR2DS4.00106	NA	NA	28	26	54837844;54839432	1	54847931	0.928571
HG03453	2	chr19	KIR2DS4.00104	KIR2DS4.0030101	NA	NA	28	26	54839432;54839508	1	54847931	0.928571
HG03453	2	chr19	KIR2DS4.00104	KIR2DS4.0030102	NA	NA	28	26	54839432;54839508	1	54847931	0.928571
HG03453	2	chr19	KIR2DS4.00104	KIR2DS4.0030104	NA	NA	28	26	54839432;54839508	1	54847931	0.928571
HG03453	2	chr19	KIR2DS4.00104	KIR2DS4.01101	NA	NA	28	26	54839432;54847277	1	54847931	0.928571
HG03453	2	chr19	KIR2DS4.00104	KIR2DS4.014	NA	NA	28	26	54837818;54839432	1	54847931	0.928571
HG03453	2	chr19	KIR2DS4.00104	KIR2DS4.015	NA	NA	28	26	54837788;54839432	1	54847931	0.928571
HG03453	2	chr19	KIR2DS4.00104	KIR2DS4.017	NA	NA	28	26	54839432;54842910	1	54847931	0.928571
HG03453	2	chr19	KIR2DS4.00104	KIR2DS4.019	NA	NA	28	26	54837723;54839432	1	54847931	0.928571
HG03453	2	chr19	KIR2DS4.00104	KIR2DS4.020	NA	NA	28	26	54839432;54847799	1	54847931	0.928571
HG03453	2	chr19	KIR2DS4.00104	KIR2DS4.021	NA	NA	28	26	54837723;54839432	1	54847931	0.928571
HG03453	2	chr19	KIR2DS4.00104	KIR2DS4.022	NA	NA	28	26	54837615;54839432	1	54847931	0.928571
HG03453	2	chr19	KIR2DS4.00104	KIR2DS4.023	NA	NA	28	26	54837667;54839432	1	54847931	0.928571
HG03453	2	chr19	KIR2DS4.00104	KIR2DS4.024	NA	NA	28	26	54839432;54839621	1	54847931	0.928571
HG03453	2	chr19	KIR2DS4.01101	KIR2DS4.01101	NA	NA	27	25	54839432;54847277	0	none	0.925926
HG03453	2	chr19	KIR2DS4.0010101	KIR2DS4.00102	NA	NA	28	25	54839432;54839524;54847931	1	54847931	0.892857
HG03453	2	chr19	KIR2DS4.0010101	KIR2DS4.00105	NA	NA	28	25	54839432;54839692;54847931	1	54847931	0.892857
HG03453	2	chr19	KIR2DS4.0010101	KIR2DS4.00106	NA	NA	28	25	54837844;54839432;54847931	1	54847931	0.892857
HG03453	2	chr19	KIR2DS4.0010101	KIR2DS4.0030101	NA	NA	28	25	54839432;54839508;54847931	1	54847931	0.892857
HG03453	2	chr19	KIR2DS4.0010101	KIR2DS4.0030102	NA	NA	28	25	54839432;54839508;54847931	1	54847931	0.892857
HG03453	2	chr19	KIR2DS4.0010101	KIR2DS4.0030104	NA	NA	28	25	54839432;54839508;54847931	1	54847931	0.892857
HG03453	2	chr19	KIR2DS4.0010101	KIR2DS4.007	NA	NA	28	25	54837818;54839432;54839508	1	54847931	0.892857
HG03453	2	chr19	KIR2DS4.0010101	KIR2DS4.008	NA	NA	28	25	54837704;54839432;54839508	1	54847931	0.892857
HG03453	2	chr19	KIR2DS4.0010101	KIR2DS4.014	NA	NA	28	25	54837818;54839432;54847931	1	54847931	0.892857
HG03453	2	chr19	KIR2DS4.0010101	KIR2DS4.015	NA	NA	28	25	54837788;54839432;54847931	1	54847931	0.892857
HG03453	2	chr19	KIR2DS4.0010101	KIR2DS4.017	NA	NA	28	25	54839432;54842910;54847931	1	54847931	0.892857
HG03453	2	chr19	KIR2DS4.0010101	KIR2DS4.019	NA	NA	28	25	54837723;54839432;54847931	1	54847931	0.892857
HG03453	2	chr19	KIR2DS4.0010101	KIR2DS4.020	NA	NA	28	25	54839432;54847799;54847931	1	54847931	0.892857
HG03453	2	chr19	KIR2DS4.0010101	KIR2DS4.021	NA	NA	28	25	54837723;54839432;54847931	1	54847931	0.892857
HG03453	2	chr19	KIR2DS4.0010101	KIR2DS4.022	NA	NA	28	25	54837615;54839432;54847931	1	54847931	0.892857
HG03453	2	chr19	KIR2DS4.0010101	KIR2DS4.023	NA	NA	28	25	54837667;54839432;54847931	1	54847931	0.892857
HG03453	2	chr19	KIR2DS4.0010101	KIR2DS4.024	NA	NA	28	25	54839432;54839621;54847931	1	54847931	0.892857
HG03453	2	chr19	KIR2DS4.0010103	KIR2DS4.00102	NA	NA	28	25	54839432;54839524;54847931	1	54847931	0.892857
HG03453	2	chr19	KIR2DS4.0010103	KIR2DS4.00105	NA	NA	28	25	54839432;54839692;54847931	1	54847931	0.892857
HG03453	2	chr19	KIR2DS4.0010103	KIR2DS4.00106	NA	NA	28	25	54837844;54839432;54847931	1	54847931	0.892857
HG03453	2	chr19	KIR2DS4.0010103	KIR2DS4.0030101	NA	NA	28	25	54839432;54839508;54847931	1	54847931	0.892857
HG03453	2	chr19	KIR2DS4.0010103	KIR2DS4.0030102	NA	NA	28	25	54839432;54839508;54847931	1	54847931	0.892857
HG03453	2	chr19	KIR2DS4.0010103	KIR2DS4.0030104	NA	NA	28	25	54839432;54839508;54847931	1	54847931	0.892857
HG03453	2	chr19	KIR2DS4.0010103	KIR2DS4.007	NA	NA	28	25	54837818;54839432;54839508	1	54847931	0.892857
HG03453	2	chr19	KIR2DS4.0010103	KIR2DS4.008	NA	NA	28	25	54837704;54839432;54839508	1	54847931	0.892857
HG03453	2	chr19	KIR2DS4.0010103	KIR2DS4.014	NA	NA	28	25	54837818;54839432;54847931	1	54847931	0.892857
HG03453	2	chr19	KIR2DS4.0010103	KIR2DS4.015	NA	NA	28	25	54837788;54839432;54847931	1	54847931	0.892857
HG03453	2	chr19	KIR2DS4.0010103	KIR2DS4.017	NA	NA	28	25	54839432;54842910;54847931	1	54847931	0.892857
HG03453	2	chr19	KIR2DS4.0010103	KIR2DS4.019	NA	NA	28	25	54837723;54839432;54847931	1	54847931	0.892857
HG03453	2	chr19	KIR2DS4.0010103	KIR2DS4.020	NA	NA	28	25	54839432;54847799;54847931	1	54847931	0.892857
HG03453	2	chr19	KIR2DS4.0010103	KIR2DS4.021	NA	NA	28	25	54837723;54839432;54847931	1	54847931	0.892857
HG03453	2	chr19	KIR2DS4.0010103	KIR2DS4.022	NA	NA	28	25	54837615;54839432;54847931	1	54847931	0.892857
HG03453	2	chr19	KIR2DS4.0010103	KIR2DS4.023	NA	NA	28	25	54837667;54839432;54847931	1	54847931	0.892857
HG03453	2	chr19	KIR2DS4.0010103	KIR2DS4.024	NA	NA	28	25	54839432;54839621;54847931	1	54847931	0.892857
HG03453	2	chr19	KIR2DS4.0010106	KIR2DS4.00102	NA	NA	28	25	54839432;54839524;54847931	1	54847931	0.892857
HG03453	2	chr19	KIR2DS4.0010106	KIR2DS4.00105	NA	NA	28	25	54839432;54839692;54847931	1	54847931	0.892857
HG03453	2	chr19	KIR2DS4.0010106	KIR2DS4.00106	NA	NA	28	25	54837844;54839432;54847931	1	54847931	0.892857
HG03453	2	chr19	KIR2DS4.0010106	KIR2DS4.0030101	NA	NA	28	25	54839432;54839508;54847931	1	54847931	0.892857
HG03453	2	chr19	KIR2DS4.0010106	KIR2DS4.0030102	NA	NA	28	25	54839432;54839508;54847931	1	54847931	0.892857
HG03453	2	chr19	KIR2DS4.0010106	KIR2DS4.0030104	NA	NA	28	25	54839432;54839508;54847931	1	54847931	0.892857
HG03453	2	chr19	KIR2DS4.0010106	KIR2DS4.007	NA	NA	28	25	54837818;54839432;54839508	1	54847931	0.892857
HG03453	2	chr19	KIR2DS4.0010106	KIR2DS4.008	NA	NA	28	25	54837704;54839432;54839508	1	54847931	0.892857
HG03453	2	chr19	KIR2DS4.0010106	KIR2DS4.014	NA	NA	28	25	54837818;54839432;54847931	1	54847931	0.892857
HG03453	2	chr19	KIR2DS4.0010106	KIR2DS4.015	NA	NA	28	25	54837788;54839432;54847931	1	54847931	0.892857
HG03453	2	chr19	KIR2DS4.0010106	KIR2DS4.017	NA	NA	28	25	54839432;54842910;54847931	1	54847931	0.892857
HG03453	2	chr19	KIR2DS4.0010106	KIR2DS4.019	NA	NA	28	25	54837723;54839432;54847931	1	54847931	0.892857
HG03453	2	chr19	KIR2DS4.0010106	KIR2DS4.020	NA	NA	28	25	54839432;54847799;54847931	1	54847931	0.892857
HG03453	2	chr19	KIR2DS4.0010106	KIR2DS4.021	NA	NA	28	25	54837723;54839432;54847931	1	54847931	0.892857
HG03453	2	chr19	KIR2DS4.0010106	KIR2DS4.022	NA	NA	28	25	54837615;54839432;54847931	1	54847931	0.892857
HG03453	2	chr19	KIR2DS4.0010106	KIR2DS4.023	NA	NA	28	25	54837667;54839432;54847931	1	54847931	0.892857
HG03453	2	chr19	KIR2DS4.0010106	KIR2DS4.024	NA	NA	28	25	54839432;54839621;54847931	1	54847931	0.892857
HG03453	2	chr19	KIR2DS4.0010108	KIR2DS4.00102	NA	NA	28	25	54839432;54839524;54847931	1	54847931	0.892857
HG03453	2	chr19	KIR2DS4.0010108	KIR2DS4.00105	NA	NA	28	25	54839432;54839692;54847931	1	54847931	0.892857
HG03453	2	chr19	KIR2DS4.0010108	KIR2DS4.00106	NA	NA	28	25	54837844;54839432;54847931	1	54847931	0.892857
HG03453	2	chr19	KIR2DS4.0010108	KIR2DS4.0030101	NA	NA	28	25	54839432;54839508;54847931	1	54847931	0.892857
HG03453	2	chr19	KIR2DS4.0010108	KIR2DS4.0030102	NA	NA	28	25	54839432;54839508;54847931	1	54847931	0.892857
HG03453	2	chr19	KIR2DS4.0010108	KIR2DS4.0030104	NA	NA	28	25	54839432;54839508;54847931	1	54847931	0.892857
HG03453	2	chr19	KIR2DS4.0010108	KIR2DS4.007	NA	NA	28	25	54837818;54839432;54839508	1	54847931	0.892857
HG03453	2	chr19	KIR2DS4.0010108	KIR2DS4.008	NA	NA	28	25	54837704;54839432;54839508	1	54847931	0.892857
HG03453	2	chr19	KIR2DS4.0010108	KIR2DS4.014	NA	NA	28	25	54837818;54839432;54847931	1	54847931	0.892857
HG03453	2	chr19	KIR2DS4.0010108	KIR2DS4.015	NA	NA	28	25	54837788;54839432;54847931	1	54847931	0.892857
HG03453	2	chr19	KIR2DS4.0010108	KIR2DS4.017	NA	NA	28	25	54839432;54842910;54847931	1	54847931	0.892857
HG03453	2	chr19	KIR2DS4.0010108	KIR2DS4.019	NA	NA	28	25	54837723;54839432;54847931	1	54847931	0.892857
HG03453	2	chr19	KIR2DS4.0010108	KIR2DS4.020	NA	NA	28	25	54839432;54847799;54847931	1	54847931	0.892857
HG03453	2	chr19	KIR2DS4.0010108	KIR2DS4.021	NA	NA	28	25	54837723;54839432;54847931	1	54847931	0.892857
HG03453	2	chr19	KIR2DS4.0010108	KIR2DS4.022	NA	NA	28	25	54837615;54839432;54847931	1	54847931	0.892857
HG03453	2	chr19	KIR2DS4.0010108	KIR2DS4.023	NA	NA	28	25	54837667;54839432;54847931	1	54847931	0.892857
HG03453	2	chr19	KIR2DS4.0010108	KIR2DS4.024	NA	NA	28	25	54839432;54839621;54847931	1	54847931	0.892857
HG03453	2	chr19	KIR2DS4.00102	KIR2DS4.00102	NA	NA	28	25	54839432;54839524;54847931	1	54847931	0.892857
HG03453	2	chr19	KIR2DS4.00102	KIR2DS4.00103	NA	NA	28	25	54839432;54839524;54839584	1	54847931	0.892857
HG03453	2	chr19	KIR2DS4.00102	KIR2DS4.01101	NA	NA	28	25	54839432;54839524;54847277	1	54847931	0.892857
HG03453	2	chr19	KIR2DS4.00103	KIR2DS4.00105	NA	NA	28	25	54839432;54839584;54839692	1	54847931	0.892857
HG03453	2	chr19	KIR2DS4.00103	KIR2DS4.00106	NA	NA	28	25	54837844;54839432;54839584	1	54847931	0.892857
HG03453	2	chr19	KIR2DS4.00103	KIR2DS4.0030101	NA	NA	28	25	54839432;54839508;54839584	1	54847931	0.892857
HG03453	2	chr19	KIR2DS4.00103	KIR2DS4.0030102	NA	NA	28	25	54839432;54839508;54839584	1	54847931	0.892857
HG03453	2	chr19	KIR2DS4.00103	KIR2DS4.0030104	NA	NA	28	25	54839432;54839508;54839584	1	54847931	0.892857
HG03453	2	chr19	KIR2DS4.00103	KIR2DS4.01101	NA	NA	27	24	54839432;54839584;54847277	0	none	0.888889
HG03453	2	chr19	KIR2DS4.00103	KIR2DS4.014	NA	NA	28	25	54837818;54839432;54839584	1	54847931	0.892857
HG03453	2	chr19	KIR2DS4.00103	KIR2DS4.015	NA	NA	28	25	54837788;54839432;54839584	1	54847931	0.892857
HG03453	2	chr19	KIR2DS4.00103	KIR2DS4.017	NA	NA	28	25	54839432;54839584;54842910	1	54847931	0.892857
HG03453	2	chr19	KIR2DS4.00103	KIR2DS4.019	NA	NA	28	25	54837723;54839432;54839584	1	54847931	0.892857
HG03453	2	chr19	KIR2DS4.00103	KIR2DS4.020	NA	NA	28	25	54839432;54839584;54847799	1	54847931	0.892857
HG03453	2	chr19	KIR2DS4.00103	KIR2DS4.021	NA	NA	28	25	54837723;54839432;54839584	1	54847931	0.892857
HG03453	2	chr19	KIR2DS4.00103	KIR2DS4.022	NA	NA	28	25	54837615;54839432;54839584	1	54847931	0.892857
HG03453	2	chr19	KIR2DS4.00103	KIR2DS4.023	NA	NA	28	25	54837667;54839432;54839584	1	54847931	0.892857
HG03453	2	chr19	KIR2DS4.00103	KIR2DS4.024	NA	NA	28	25	54839432;54839584;54839621	1	54847931	0.892857
HG03453	2	chr19	KIR2DS4.00104	KIR2DS4.0060101	NA	NA	28	25	54839432;54839508;54839524	1	54847931	0.892857
HG03453	2	chr19	KIR2DS4.00104	KIR2DS4.007	NA	NA	28	25	54837818;54839432;54839508	1	54847931	0.892857
HG03453	2	chr19	KIR2DS4.00104	KIR2DS4.008	NA	NA	28	25	54837704;54839432;54839508	1	54847931	0.892857
HG03453	2	chr19	KIR2DS4.00104	KIR2DS4.01102	NA	NA	28	25	54839432;54847200;54847277	1	54847931	0.892857
HG03453	2	chr19	KIR2DS4.00104	KIR2DS4.016	NA	NA	28	25	54837576;54837818;54839432	1	54847931	0.892857
HG03453	2	chr19	KIR2DS4.00105	KIR2DS4.00105	NA	NA	28	25	54839432;54839692;54847931	1	54847931	0.892857
HG03453	2	chr19	KIR2DS4.00105	KIR2DS4.01101	NA	NA	28	25	54839432;54839692;54847277	1	54847931	0.892857
HG03453	2	chr19	KIR2DS4.00106	KIR2DS4.00106	NA	NA	28	25	54837844;54839432;54847931	1	54847931	0.892857
HG03453	2	chr19	KIR2DS4.00106	KIR2DS4.01101	NA	NA	28	25	54837844;54839432;54847277	1	54847931	0.892857
HG03453	2	chr19	KIR2DS4.0030101	KIR2DS4.0030101	NA	NA	28	25	54839432;54839508;54847931	1	54847931	0.892857
HG03453	2	chr19	KIR2DS4.0030101	KIR2DS4.0030102	NA	NA	28	25	54839432;54839508;54847931	1	54847931	0.892857
HG03453	2	chr19	KIR2DS4.0030101	KIR2DS4.0030104	NA	NA	28	25	54839432;54839508;54847931	1	54847931	0.892857
HG03453	2	chr19	KIR2DS4.0030101	KIR2DS4.007	NA	NA	28	25	54837818;54839432;54839508	1	54847931	0.892857
HG03453	2	chr19	KIR2DS4.0030101	KIR2DS4.008	NA	NA	28	25	54837704;54839432;54839508	1	54847931	0.892857
HG03453	2	chr19	KIR2DS4.0030101	KIR2DS4.01101	NA	NA	28	25	54839432;54839508;54847277	1	54847931	0.892857
HG03453	2	chr19	KIR2DS4.0030102	KIR2DS4.0030102	NA	NA	28	25	54839432;54839508;54847931	1	54847931	0.892857
HG03453	2	chr19	KIR2DS4.0030102	KIR2DS4.0030104	NA	NA	28	25	54839432;54839508;54847931	1	54847931	0.892857
HG03453	2	chr19	KIR2DS4.0030102	KIR2DS4.007	NA	NA	28	25	54837818;54839432;54839508	1	54847931	0.892857
HG03453	2	chr19	KIR2DS4.0030102	KIR2DS4.008	NA	NA	28	25	54837704;54839432;54839508	1	54847931	0.892857
HG03453	2	chr19	KIR2DS4.0030102	KIR2DS4.01101	NA	NA	28	25	54839432;54839508;54847277	1	54847931	0.892857
HG03453	2	chr19	KIR2DS4.0030104	KIR2DS4.0030104	NA	NA	28	25	54839432;54839508;54847931	1	54847931	0.892857
HG03453	2	chr19	KIR2DS4.0030104	KIR2DS4.007	NA	NA	28	25	54837818;54839432;54839508	1	54847931	0.892857
HG03453	2	chr19	KIR2DS4.0030104	KIR2DS4.008	NA	NA	28	25	54837704;54839432;54839508	1	54847931	0.892857
HG03453	2	chr19	KIR2DS4.0030104	KIR2DS4.01101	NA	NA	28	25	54839432;54839508;54847277	1	54847931	0.892857
HG03453	2	chr19	KIR2DS4.007	KIR2DS4.007	NA	NA	27	24	54837818;54839432;54839508	0	none	0.888889
HG03453	2	chr19	KIR2DS4.007	KIR2DS4.014	NA	NA	28	25	54837818;54839432;54839508	1	54847931	0.892857
HG03453	2	chr19	KIR2DS4.008	KIR2DS4.008	NA	NA	27	24	54837704;54839432;54839508	0	none	0.888889
HG03453	2	chr19	KIR2DS4.01101	KIR2DS4.01102	NA	NA	28	25	54839432;54847200;54847277	1	54847931	0.892857
HG03453	2	chr19	KIR2DS4.01101	KIR2DS4.014	NA	NA	28	25	54837818;54839432;54847277	1	54847931	0.892857
HG03453	2	chr19	KIR2DS4.01101	KIR2DS4.015	NA	NA	28	25	54837788;54839432;54847277	1	54847931	0.892857
HG03453	2	chr19	KIR2DS4.01101	KIR2DS4.017	NA	NA	28	25	54839432;54842910;54847277	1	54847931	0.892857
HG03453	2	chr19	KIR2DS4.01101	KIR2DS4.019	NA	NA	28	25	54837723;54839432;54847277	1	54847931	0.892857
HG03453	2	chr19	KIR2DS4.01101	KIR2DS4.020	NA	NA	28	25	54839432;54847277;54847799	1	54847931	0.892857
HG03453	2	chr19	KIR2DS4.01101	KIR2DS4.021	NA	NA	28	25	54837723;54839432;54847277	1	54847931	0.892857
HG03453	2	chr19	KIR2DS4.01101	KIR2DS4.022	NA	NA	28	25	54837615;54839432;54847277	1	54847931	0.892857
HG03453	2	chr19	KIR2DS4.01101	KIR2DS4.023	NA	NA	28	25	54837667;54839432;54847277	1	54847931	0.892857
HG03453	2	chr19	KIR2DS4.01101	KIR2DS4.024	NA	NA	28	25	54839432;54839621;54847277	1	54847931	0.892857
HG03453	2	chr19	KIR2DS4.014	KIR2DS4.014	NA	NA	28	25	54837818;54839432;54847931	1	54847931	0.892857
HG03453	2	chr19	KIR2DS4.015	KIR2DS4.015	NA	NA	28	25	54837788;54839432;54847931	1	54847931	0.892857
HG03453	2	chr19	KIR2DS4.017	KIR2DS4.017	NA	NA	28	25	54839432;54842910;54847931	1	54847931	0.892857
HG03453	2	chr19	KIR2DS4.019	KIR2DS4.019	NA	NA	28	25	54837723;54839432;54847931	1	54847931	0.892857
HG03453	2	chr19	KIR2DS4.019	KIR2DS4.021	NA	NA	28	25	54837723;54839432;54847931	1	54847931	0.892857
HG03453	2	chr19	KIR2DS4.020	KIR2DS4.020	NA	NA	28	25	54839432;54847799;54847931	1	54847931	0.892857
HG03453	2	chr19	KIR2DS4.021	KIR2DS4.021	NA	NA	28	25	54837723;54839432;54847931	1	54847931	0.892857
HG03453	2	chr19	KIR2DS4.022	KIR2DS4.022	NA	NA	28	25	54837615;54839432;54847931	1	54847931	0.892857
HG03453	2	chr19	KIR2DS4.023	KIR2DS4.023	NA	NA	28	25	54837667;54839432;54847931	1	54847931	0.892857
HG03453	2	chr19	KIR2DS4.024	KIR2DS4.024	NA	NA	28	25	54839432;54839621;54847931	1	54847931	0.892857
HG03453	2	chr19	KIR2DS4.0010101	KIR2DS4.0060101	NA	NA	28	24	54839432;54839508;54839524;54847931	1	54847931	0.857143
HG03453	2	chr19	KIR2DS4.0010101	KIR2DS4.01102	NA	NA	28	24	54839432;54847200;54847277;54847931	1	54847931	0.857143
HG03453	2	chr19	KIR2DS4.0010101	KIR2DS4.016	NA	NA	28	24	54837576;54837818;54839432;54847931	1	54847931	0.857143
HG03453	2	chr19	KIR2DS4.0010103	KIR2DS4.0060101	NA	NA	28	24	54839432;54839508;54839524;54847931	1	54847931	0.857143
HG03453	2	chr19	KIR2DS4.0010103	KIR2DS4.01102	NA	NA	28	24	54839432;54847200;54847277;54847931	1	54847931	0.857143
HG03453	2	chr19	KIR2DS4.0010103	KIR2DS4.016	NA	NA	28	24	54837576;54837818;54839432;54847931	1	54847931	0.857143
HG03453	2	chr19	KIR2DS4.0010106	KIR2DS4.0060101	NA	NA	28	24	54839432;54839508;54839524;54847931	1	54847931	0.857143
HG03453	2	chr19	KIR2DS4.0010106	KIR2DS4.01102	NA	NA	28	24	54839432;54847200;54847277;54847931	1	54847931	0.857143
HG03453	2	chr19	KIR2DS4.0010106	KIR2DS4.016	NA	NA	28	24	54837576;54837818;54839432;54847931	1	54847931	0.857143
HG03453	2	chr19	KIR2DS4.0010108	KIR2DS4.0060101	NA	NA	28	24	54839432;54839508;54839524;54847931	1	54847931	0.857143
HG03453	2	chr19	KIR2DS4.0010108	KIR2DS4.01102	NA	NA	28	24	54839432;54847200;54847277;54847931	1	54847931	0.857143
HG03453	2	chr19	KIR2DS4.0010108	KIR2DS4.016	NA	NA	28	24	54837576;54837818;54839432;54847931	1	54847931	0.857143
HG03453	2	chr19	KIR2DS4.00102	KIR2DS4.00105	NA	NA	28	24	54839432;54839524;54839692;54847931	1	54847931	0.857143
HG03453	2	chr19	KIR2DS4.00102	KIR2DS4.00106	NA	NA	28	24	54837844;54839432;54839524;54847931	1	54847931	0.857143
HG03453	2	chr19	KIR2DS4.00102	KIR2DS4.0030101	NA	NA	28	24	54839432;54839508;54839524;54847931	1	54847931	0.857143
HG03453	2	chr19	KIR2DS4.00102	KIR2DS4.0030102	NA	NA	28	24	54839432;54839508;54839524;54847931	1	54847931	0.857143
HG03453	2	chr19	KIR2DS4.00102	KIR2DS4.0030104	NA	NA	28	24	54839432;54839508;54839524;54847931	1	54847931	0.857143
HG03453	2	chr19	KIR2DS4.00102	KIR2DS4.0060101	NA	NA	28	24	54839432;54839508;54839524;54847931	1	54847931	0.857143
HG03453	2	chr19	KIR2DS4.00102	KIR2DS4.007	NA	NA	28	24	54837818;54839432;54839508;54839524	1	54847931	0.857143
HG03453	2	chr19	KIR2DS4.00102	KIR2DS4.008	NA	NA	28	24	54837704;54839432;54839508;54839524	1	54847931	0.857143
HG03453	2	chr19	KIR2DS4.00102	KIR2DS4.014	NA	NA	28	24	54837818;54839432;54839524;54847931	1	54847931	0.857143
HG03453	2	chr19	KIR2DS4.00102	KIR2DS4.015	NA	NA	28	24	54837788;54839432;54839524;54847931	1	54847931	0.857143
HG03453	2	chr19	KIR2DS4.00102	KIR2DS4.017	NA	NA	28	24	54839432;54839524;54842910;54847931	1	54847931	0.857143
HG03453	2	chr19	KIR2DS4.00102	KIR2DS4.019	NA	NA	28	24	54837723;54839432;54839524;54847931	1	54847931	0.857143
HG03453	2	chr19	KIR2DS4.00102	KIR2DS4.020	NA	NA	28	24	54839432;54839524;54847799;54847931	1	54847931	0.857143
HG03453	2	chr19	KIR2DS4.00102	KIR2DS4.021	NA	NA	28	24	54837723;54839432;54839524;54847931	1	54847931	0.857143
HG03453	2	chr19	KIR2DS4.00102	KIR2DS4.022	NA	NA	28	24	54837615;54839432;54839524;54847931	1	54847931	0.857143
HG03453	2	chr19	KIR2DS4.00102	KIR2DS4.023	NA	NA	28	24	54837667;54839432;54839524;54847931	1	54847931	0.857143
HG03453	2	chr19	KIR2DS4.00102	KIR2DS4.024	NA	NA	28	24	54839432;54839524;54839621;54847931	1	54847931	0.857143
HG03453	2	chr19	KIR2DS4.00103	KIR2DS4.0060101	NA	NA	28	24	54839432;54839508;54839524;54839584	1	54847931	0.857143
HG03453	2	chr19	KIR2DS4.00103	KIR2DS4.007	NA	NA	27	23	54837818;54839432;54839508;54839584	0	none	0.851852
HG03453	2	chr19	KIR2DS4.00103	KIR2DS4.008	NA	NA	27	23	54837704;54839432;54839508;54839584	0	none	0.851852
HG03453	2	chr19	KIR2DS4.00103	KIR2DS4.01102	NA	NA	28	24	54839432;54839584;54847200;54847277	1	54847931	0.857143
HG03453	2	chr19	KIR2DS4.00103	KIR2DS4.016	NA	NA	28	24	54837576;54837818;54839432;54839584	1	54847931	0.857143
HG03453	2	chr19	KIR2DS4.00105	KIR2DS4.00106	NA	NA	28	24	54837844;54839432;54839692;54847931	1	54847931	0.857143
HG03453	2	chr19	KIR2DS4.00105	KIR2DS4.0030101	NA	NA	28	24	54839432;54839508;54839692;54847931	1	54847931	0.857143
HG03453	2	chr19	KIR2DS4.00105	KIR2DS4.0030102	NA	NA	28	24	54839432;54839508;54839692;54847931	1	54847931	0.857143
HG03453	2	chr19	KIR2DS4.00105	KIR2DS4.0030104	NA	NA	28	24	54839432;54839508;54839692;54847931	1	54847931	0.857143
HG03453	2	chr19	KIR2DS4.00105	KIR2DS4.007	NA	NA	28	24	54837818;54839432;54839508;54839692	1	54847931	0.857143
HG03453	2	chr19	KIR2DS4.00105	KIR2DS4.008	NA	NA	28	24	54837704;54839432;54839508;54839692	1	54847931	0.857143
HG03453	2	chr19	KIR2DS4.00105	KIR2DS4.014	NA	NA	28	24	54837818;54839432;54839692;54847931	1	54847931	0.857143
HG03453	2	chr19	KIR2DS4.00105	KIR2DS4.015	NA	NA	28	24	54837788;54839432;54839692;54847931	1	54847931	0.857143
HG03453	2	chr19	KIR2DS4.00105	KIR2DS4.017	NA	NA	28	24	54839432;54839692;54842910;54847931	1	54847931	0.857143
HG03453	2	chr19	KIR2DS4.00105	KIR2DS4.019	NA	NA	28	24	54837723;54839432;54839692;54847931	1	54847931	0.857143
HG03453	2	chr19	KIR2DS4.00105	KIR2DS4.020	NA	NA	28	24	54839432;54839692;54847799;54847931	1	54847931	0.857143
HG03453	2	chr19	KIR2DS4.00105	KIR2DS4.021	NA	NA	28	24	54837723;54839432;54839692;54847931	1	54847931	0.857143
HG03453	2	chr19	KIR2DS4.00105	KIR2DS4.022	NA	NA	28	24	54837615;54839432;54839692;54847931	1	54847931	0.857143
HG03453	2	chr19	KIR2DS4.00105	KIR2DS4.023	NA	NA	28	24	54837667;54839432;54839692;54847931	1	54847931	0.857143
HG03453	2	chr19	KIR2DS4.00105	KIR2DS4.024	NA	NA	28	24	54839432;54839621;54839692;54847931	1	54847931	0.857143
HG03453	2	chr19	KIR2DS4.00106	KIR2DS4.0030101	NA	NA	28	24	54837844;54839432;54839508;54847931	1	54847931	0.857143
HG03453	2	chr19	KIR2DS4.00106	KIR2DS4.0030102	NA	NA	28	24	54837844;54839432;54839508;54847931	1	54847931	0.857143
HG03453	2	chr19	KIR2DS4.00106	KIR2DS4.0030104	NA	NA	28	24	54837844;54839432;54839508;54847931	1	54847931	0.857143
HG03453	2	chr19	KIR2DS4.00106	KIR2DS4.007	NA	NA	28	24	54837818;54837844;54839432;54839508	1	54847931	0.857143
HG03453	2	chr19	KIR2DS4.00106	KIR2DS4.008	NA	NA	28	24	54837704;54837844;54839432;54839508	1	54847931	0.857143
HG03453	2	chr19	KIR2DS4.00106	KIR2DS4.014	NA	NA	28	24	54837818;54837844;54839432;54847931	1	54847931	0.857143
HG03453	2	chr19	KIR2DS4.00106	KIR2DS4.015	NA	NA	28	24	54837788;54837844;54839432;54847931	1	54847931	0.857143
HG03453	2	chr19	KIR2DS4.00106	KIR2DS4.017	NA	NA	28	24	54837844;54839432;54842910;54847931	1	54847931	0.857143
HG03453	2	chr19	KIR2DS4.00106	KIR2DS4.019	NA	NA	28	24	54837723;54837844;54839432;54847931	1	54847931	0.857143
HG03453	2	chr19	KIR2DS4.00106	KIR2DS4.020	NA	NA	28	24	54837844;54839432;54847799;54847931	1	54847931	0.857143
HG03453	2	chr19	KIR2DS4.00106	KIR2DS4.021	NA	NA	28	24	54837723;54837844;54839432;54847931	1	54847931	0.857143
HG03453	2	chr19	KIR2DS4.00106	KIR2DS4.022	NA	NA	28	24	54837615;54837844;54839432;54847931	1	54847931	0.857143
HG03453	2	chr19	KIR2DS4.00106	KIR2DS4.023	NA	NA	28	24	54837667;54837844;54839432;54847931	1	54847931	0.857143
HG03453	2	chr19	KIR2DS4.00106	KIR2DS4.024	NA	NA	28	24	54837844;54839432;54839621;54847931	1	54847931	0.857143
HG03453	2	chr19	KIR2DS4.0030101	KIR2DS4.0060101	NA	NA	28	24	54839432;54839508;54839524;54847931	1	54847931	0.857143
HG03453	2	chr19	KIR2DS4.0030101	KIR2DS4.014	NA	NA	28	24	54837818;54839432;54839508;54847931	1	54847931	0.857143
HG03453	2	chr19	KIR2DS4.0030101	KIR2DS4.015	NA	NA	28	24	54837788;54839432;54839508;54847931	1	54847931	0.857143
HG03453	2	chr19	KIR2DS4.0030101	KIR2DS4.017	NA	NA	28	24	54839432;54839508;54842910;54847931	1	54847931	0.857143
HG03453	2	chr19	KIR2DS4.0030101	KIR2DS4.019	NA	NA	28	24	54837723;54839432;54839508;54847931	1	54847931	0.857143
HG03453	2	chr19	KIR2DS4.0030101	KIR2DS4.020	NA	NA	28	24	54839432;54839508;54847799;54847931	1	54847931	0.857143
HG03453	2	chr19	KIR2DS4.0030101	KIR2DS4.021	NA	NA	28	24	54837723;54839432;54839508;54847931	1	54847931	0.857143
HG03453	2	chr19	KIR2DS4.0030101	KIR2DS4.022	NA	NA	28	24	54837615;54839432;54839508;54847931	1	54847931	0.857143
HG03453	2	chr19	KIR2DS4.0030101	KIR2DS4.023	NA	NA	28	24	54837667;54839432;54839508;54847931	1	54847931	0.857143
HG03453	2	chr19	KIR2DS4.0030101	KIR2DS4.024	NA	NA	28	24	54839432;54839508;54839621;54847931	1	54847931	0.857143
HG03453	2	chr19	KIR2DS4.0030102	KIR2DS4.0060101	NA	NA	28	24	54839432;54839508;54839524;54847931	1	54847931	0.857143
HG03453	2	chr19	KIR2DS4.0030102	KIR2DS4.014	NA	NA	28	24	54837818;54839432;54839508;54847931	1	54847931	0.857143
HG03453	2	chr19	KIR2DS4.0030102	KIR2DS4.015	NA	NA	28	24	54837788;54839432;54839508;54847931	1	54847931	0.857143
HG03453	2	chr19	KIR2DS4.0030102	KIR2DS4.017	NA	NA	28	24	54839432;54839508;54842910;54847931	1	54847931	0.857143
HG03453	2	chr19	KIR2DS4.0030102	KIR2DS4.019	NA	NA	28	24	54837723;54839432;54839508;54847931	1	54847931	0.857143
HG03453	2	chr19	KIR2DS4.0030102	KIR2DS4.020	NA	NA	28	24	54839432;54839508;54847799;54847931	1	54847931	0.857143
HG03453	2	chr19	KIR2DS4.0030102	KIR2DS4.021	NA	NA	28	24	54837723;54839432;54839508;54847931	1	54847931	0.857143
HG03453	2	chr19	KIR2DS4.0030102	KIR2DS4.022	NA	NA	28	24	54837615;54839432;54839508;54847931	1	54847931	0.857143
HG03453	2	chr19	KIR2DS4.0030102	KIR2DS4.023	NA	NA	28	24	54837667;54839432;54839508;54847931	1	54847931	0.857143
HG03453	2	chr19	KIR2DS4.0030102	KIR2DS4.024	NA	NA	28	24	54839432;54839508;54839621;54847931	1	54847931	0.857143
HG03453	2	chr19	KIR2DS4.0030104	KIR2DS4.0060101	NA	NA	28	24	54839432;54839508;54839524;54847931	1	54847931	0.857143
HG03453	2	chr19	KIR2DS4.0030104	KIR2DS4.014	NA	NA	28	24	54837818;54839432;54839508;54847931	1	54847931	0.857143
HG03453	2	chr19	KIR2DS4.0030104	KIR2DS4.015	NA	NA	28	24	54837788;54839432;54839508;54847931	1	54847931	0.857143
HG03453	2	chr19	KIR2DS4.0030104	KIR2DS4.017	NA	NA	28	24	54839432;54839508;54842910;54847931	1	54847931	0.857143
HG03453	2	chr19	KIR2DS4.0030104	KIR2DS4.019	NA	NA	28	24	54837723;54839432;54839508;54847931	1	54847931	0.857143
HG03453	2	chr19	KIR2DS4.0030104	KIR2DS4.020	NA	NA	28	24	54839432;54839508;54847799;54847931	1	54847931	0.857143
HG03453	2	chr19	KIR2DS4.0030104	KIR2DS4.021	NA	NA	28	24	54837723;54839432;54839508;54847931	1	54847931	0.857143
HG03453	2	chr19	KIR2DS4.0030104	KIR2DS4.022	NA	NA	28	24	54837615;54839432;54839508;54847931	1	54847931	0.857143
HG03453	2	chr19	KIR2DS4.0030104	KIR2DS4.023	NA	NA	28	24	54837667;54839432;54839508;54847931	1	54847931	0.857143
HG03453	2	chr19	KIR2DS4.0030104	KIR2DS4.024	NA	NA	28	24	54839432;54839508;54839621;54847931	1	54847931	0.857143
HG03453	2	chr19	KIR2DS4.0060101	KIR2DS4.0060101	NA	NA	28	24	54839432;54839508;54839524;54847931	1	54847931	0.857143
HG03453	2	chr19	KIR2DS4.0060101	KIR2DS4.007	NA	NA	28	24	54837818;54839432;54839508;54839524	1	54847931	0.857143
HG03453	2	chr19	KIR2DS4.0060101	KIR2DS4.008	NA	NA	28	24	54837704;54839432;54839508;54839524	1	54847931	0.857143
HG03453	2	chr19	KIR2DS4.0060101	KIR2DS4.01101	NA	NA	28	24	54839432;54839508;54839524;54847277	1	54847931	0.857143
HG03453	2	chr19	KIR2DS4.007	KIR2DS4.008	NA	NA	27	23	54837704;54837818;54839432;54839508	0	none	0.851852
HG03453	2	chr19	KIR2DS4.007	KIR2DS4.01101	NA	NA	27	23	54837818;54839432;54839508;54847277	0	none	0.851852
HG03453	2	chr19	KIR2DS4.007	KIR2DS4.015	NA	NA	28	24	54837788;54837818;54839432;54839508	1	54847931	0.857143
HG03453	2	chr19	KIR2DS4.007	KIR2DS4.016	NA	NA	28	24	54837576;54837818;54839432;54839508	1	54847931	0.857143
HG03453	2	chr19	KIR2DS4.007	KIR2DS4.017	NA	NA	28	24	54837818;54839432;54839508;54842910	1	54847931	0.857143
HG03453	2	chr19	KIR2DS4.007	KIR2DS4.019	NA	NA	28	24	54837723;54837818;54839432;54839508	1	54847931	0.857143
HG03453	2	chr19	KIR2DS4.007	KIR2DS4.020	NA	NA	28	24	54837818;54839432;54839508;54847799	1	54847931	0.857143
HG03453	2	chr19	KIR2DS4.007	KIR2DS4.021	NA	NA	28	24	54837723;54837818;54839432;54839508	1	54847931	0.857143
HG03453	2	chr19	KIR2DS4.007	KIR2DS4.022	NA	NA	28	24	54837615;54837818;54839432;54839508	1	54847931	0.857143
HG03453	2	chr19	KIR2DS4.007	KIR2DS4.023	NA	NA	28	24	54837667;54837818;54839432;54839508	1	54847931	0.857143
HG03453	2	chr19	KIR2DS4.007	KIR2DS4.024	NA	NA	28	24	54837818;54839432;54839508;54839621	1	54847931	0.857143
HG03453	2	chr19	KIR2DS4.008	KIR2DS4.01101	NA	NA	27	23	54837704;54839432;54839508;54847277	0	none	0.851852
HG03453	2	chr19	KIR2DS4.008	KIR2DS4.014	NA	NA	28	24	54837704;54837818;54839432;54839508	1	54847931	0.857143
HG03453	2	chr19	KIR2DS4.008	KIR2DS4.015	NA	NA	28	24	54837704;54837788;54839432;54839508	1	54847931	0.857143
HG03453	2	chr19	KIR2DS4.008	KIR2DS4.017	NA	NA	28	24	54837704;54839432;54839508;54842910	1	54847931	0.857143
HG03453	2	chr19	KIR2DS4.008	KIR2DS4.019	NA	NA	28	24	54837704;54837723;54839432;54839508	1	54847931	0.857143
HG03453	2	chr19	KIR2DS4.008	KIR2DS4.020	NA	NA	28	24	54837704;54839432;54839508;54847799	1	54847931	0.857143
HG03453	2	chr19	KIR2DS4.008	KIR2DS4.021	NA	NA	28	24	54837704;54837723;54839432;54839508	1	54847931	0.857143
HG03453	2	chr19	KIR2DS4.008	KIR2DS4.022	NA	NA	28	24	54837615;54837704;54839432;54839508	1	54847931	0.857143
HG03453	2	chr19	KIR2DS4.008	KIR2DS4.023	NA	NA	28	24	54837667;54837704;54839432;54839508	1	54847931	0.857143
HG03453	2	chr19	KIR2DS4.008	KIR2DS4.024	NA	NA	28	24	54837704;54839432;54839508;54839621	1	54847931	0.857143
HG03453	2	chr19	KIR2DS4.01101	KIR2DS4.016	NA	NA	28	24	54837576;54837818;54839432;54847277	1	54847931	0.857143
HG03453	2	chr19	KIR2DS4.01102	KIR2DS4.01102	NA	NA	28	24	54839432;54847200;54847277;54847931	1	54847931	0.857143
HG03453	2	chr19	KIR2DS4.014	KIR2DS4.015	NA	NA	28	24	54837788;54837818;54839432;54847931	1	54847931	0.857143
HG03453	2	chr19	KIR2DS4.014	KIR2DS4.016	NA	NA	28	24	54837576;54837818;54839432;54847931	1	54847931	0.857143
HG03453	2	chr19	KIR2DS4.014	KIR2DS4.017	NA	NA	28	24	54837818;54839432;54842910;54847931	1	54847931	0.857143
HG03453	2	chr19	KIR2DS4.014	KIR2DS4.019	NA	NA	28	24	54837723;54837818;54839432;54847931	1	54847931	0.857143
HG03453	2	chr19	KIR2DS4.014	KIR2DS4.020	NA	NA	28	24	54837818;54839432;54847799;54847931	1	54847931	0.857143
HG03453	2	chr19	KIR2DS4.014	KIR2DS4.021	NA	NA	28	24	54837723;54837818;54839432;54847931	1	54847931	0.857143
HG03453	2	chr19	KIR2DS4.014	KIR2DS4.022	NA	NA	28	24	54837615;54837818;54839432;54847931	1	54847931	0.857143
HG03453	2	chr19	KIR2DS4.014	KIR2DS4.023	NA	NA	28	24	54837667;54837818;54839432;54847931	1	54847931	0.857143
HG03453	2	chr19	KIR2DS4.014	KIR2DS4.024	NA	NA	28	24	54837818;54839432;54839621;54847931	1	54847931	0.857143
HG03453	2	chr19	KIR2DS4.015	KIR2DS4.017	NA	NA	28	24	54837788;54839432;54842910;54847931	1	54847931	0.857143
HG03453	2	chr19	KIR2DS4.015	KIR2DS4.019	NA	NA	28	24	54837723;54837788;54839432;54847931	1	54847931	0.857143
HG03453	2	chr19	KIR2DS4.015	KIR2DS4.020	NA	NA	28	24	54837788;54839432;54847799;54847931	1	54847931	0.857143
HG03453	2	chr19	KIR2DS4.015	KIR2DS4.021	NA	NA	28	24	54837723;54837788;54839432;54847931	1	54847931	0.857143
HG03453	2	chr19	KIR2DS4.015	KIR2DS4.022	NA	NA	28	24	54837615;54837788;54839432;54847931	1	54847931	0.857143
HG03453	2	chr19	KIR2DS4.015	KIR2DS4.023	NA	NA	28	24	54837667;54837788;54839432;54847931	1	54847931	0.857143
HG03453	2	chr19	KIR2DS4.015	KIR2DS4.024	NA	NA	28	24	54837788;54839432;54839621;54847931	1	54847931	0.857143
HG03453	2	chr19	KIR2DS4.016	KIR2DS4.016	NA	NA	28	24	54837576;54837818;54839432;54847931	1	54847931	0.857143
HG03453	2	chr19	KIR2DS4.017	KIR2DS4.019	NA	NA	28	24	54837723;54839432;54842910;54847931	1	54847931	0.857143
HG03453	2	chr19	KIR2DS4.017	KIR2DS4.020	NA	NA	28	24	54839432;54842910;54847799;54847931	1	54847931	0.857143
HG03453	2	chr19	KIR2DS4.017	KIR2DS4.021	NA	NA	28	24	54837723;54839432;54842910;54847931	1	54847931	0.857143
HG03453	2	chr19	KIR2DS4.017	KIR2DS4.022	NA	NA	28	24	54837615;54839432;54842910;54847931	1	54847931	0.857143
HG03453	2	chr19	KIR2DS4.017	KIR2DS4.023	NA	NA	28	24	54837667;54839432;54842910;54847931	1	54847931	0.857143
HG03453	2	chr19	KIR2DS4.017	KIR2DS4.024	NA	NA	28	24	54839432;54839621;54842910;54847931	1	54847931	0.857143
HG03453	2	chr19	KIR2DS4.019	KIR2DS4.020	NA	NA	28	24	54837723;54839432;54847799;54847931	1	54847931	0.857143
HG03453	2	chr19	KIR2DS4.019	KIR2DS4.022	NA	NA	28	24	54837615;54837723;54839432;54847931	1	54847931	0.857143
HG03453	2	chr19	KIR2DS4.019	KIR2DS4.023	NA	NA	28	24	54837667;54837723;54839432;54847931	1	54847931	0.857143
HG03453	2	chr19	KIR2DS4.019	KIR2DS4.024	NA	NA	28	24	54837723;54839432;54839621;54847931	1	54847931	0.857143
HG03453	2	chr19	KIR2DS4.020	KIR2DS4.021	NA	NA	28	24	54837723;54839432;54847799;54847931	1	54847931	0.857143
HG03453	2	chr19	KIR2DS4.020	KIR2DS4.022	NA	NA	28	24	54837615;54839432;54847799;54847931	1	54847931	0.857143
HG03453	2	chr19	KIR2DS4.020	KIR2DS4.023	NA	NA	28	24	54837667;54839432;54847799;54847931	1	54847931	0.857143
HG03453	2	chr19	KIR2DS4.020	KIR2DS4.024	NA	NA	28	24	54839432;54839621;54847799;54847931	1	54847931	0.857143
HG03453	2	chr19	KIR2DS4.021	KIR2DS4.022	NA	NA	28	24	54837615;54837723;54839432;54847931	1	54847931	0.857143
HG03453	2	chr19	KIR2DS4.021	KIR2DS4.023	NA	NA	28	24	54837667;54837723;54839432;54847931	1	54847931	0.857143
HG03453	2	chr19	KIR2DS4.021	KIR2DS4.024	NA	NA	28	24	54837723;54839432;54839621;54847931	1	54847931	0.857143
HG03453	2	chr19	KIR2DS4.022	KIR2DS4.023	NA	NA	28	24	54837615;54837667;54839432;54847931	1	54847931	0.857143
HG03453	2	chr19	KIR2DS4.022	KIR2DS4.024	NA	NA	28	24	54837615;54839432;54839621;54847931	1	54847931	0.857143
HG03453	2	chr19	KIR2DS4.023	KIR2DS4.024	NA	NA	28	24	54837667;54839432;54839621;54847931	1	54847931	0.857143
HG03453	2	chr19	KIR2DS4.00102	KIR2DS4.01102	NA	NA	28	23	54839432;54839524;54847200;54847277;54847931	1	54847931	0.821429
HG03453	2	chr19	KIR2DS4.00102	KIR2DS4.016	NA	NA	28	23	54837576;54837818;54839432;54839524;54847931	1	54847931	0.821429
HG03453	2	chr19	KIR2DS4.00105	KIR2DS4.0060101	NA	NA	28	23	54839432;54839508;54839524;54839692;54847931	1	54847931	0.821429
HG03453	2	chr19	KIR2DS4.00105	KIR2DS4.01102	NA	NA	28	23	54839432;54839692;54847200;54847277;54847931	1	54847931	0.821429
HG03453	2	chr19	KIR2DS4.00105	KIR2DS4.016	NA	NA	28	23	54837576;54837818;54839432;54839692;54847931	1	54847931	0.821429
HG03453	2	chr19	KIR2DS4.00106	KIR2DS4.0060101	NA	NA	28	23	54837844;54839432;54839508;54839524;54847931	1	54847931	0.821429
HG03453	2	chr19	KIR2DS4.00106	KIR2DS4.01102	NA	NA	28	23	54837844;54839432;54847200;54847277;54847931	1	54847931	0.821429
HG03453	2	chr19	KIR2DS4.00106	KIR2DS4.016	NA	NA	28	23	54837576;54837818;54837844;54839432;54847931	1	54847931	0.821429
HG03453	2	chr19	KIR2DS4.0030101	KIR2DS4.01102	NA	NA	28	23	54839432;54839508;54847200;54847277;54847931	1	54847931	0.821429
HG03453	2	chr19	KIR2DS4.0030101	KIR2DS4.016	NA	NA	28	23	54837576;54837818;54839432;54839508;54847931	1	54847931	0.821429
HG03453	2	chr19	KIR2DS4.0030102	KIR2DS4.01102	NA	NA	28	23	54839432;54839508;54847200;54847277;54847931	1	54847931	0.821429
HG03453	2	chr19	KIR2DS4.0030102	KIR2DS4.016	NA	NA	28	23	54837576;54837818;54839432;54839508;54847931	1	54847931	0.821429
HG03453	2	chr19	KIR2DS4.0030104	KIR2DS4.01102	NA	NA	28	23	54839432;54839508;54847200;54847277;54847931	1	54847931	0.821429
HG03453	2	chr19	KIR2DS4.0030104	KIR2DS4.016	NA	NA	28	23	54837576;54837818;54839432;54839508;54847931	1	54847931	0.821429
HG03453	2	chr19	KIR2DS4.0060101	KIR2DS4.014	NA	NA	28	23	54837818;54839432;54839508;54839524;54847931	1	54847931	0.821429
HG03453	2	chr19	KIR2DS4.0060101	KIR2DS4.015	NA	NA	28	23	54837788;54839432;54839508;54839524;54847931	1	54847931	0.821429
HG03453	2	chr19	KIR2DS4.0060101	KIR2DS4.017	NA	NA	28	23	54839432;54839508;54839524;54842910;54847931	1	54847931	0.821429
HG03453	2	chr19	KIR2DS4.0060101	KIR2DS4.019	NA	NA	28	23	54837723;54839432;54839508;54839524;54847931	1	54847931	0.821429
HG03453	2	chr19	KIR2DS4.0060101	KIR2DS4.020	NA	NA	28	23	54839432;54839508;54839524;54847799;54847931	1	54847931	0.821429
HG03453	2	chr19	KIR2DS4.0060101	KIR2DS4.021	NA	NA	28	23	54837723;54839432;54839508;54839524;54847931	1	54847931	0.821429
HG03453	2	chr19	KIR2DS4.0060101	KIR2DS4.022	NA	NA	28	23	54837615;54839432;54839508;54839524;54847931	1	54847931	0.821429
HG03453	2	chr19	KIR2DS4.0060101	KIR2DS4.023	NA	NA	28	23	54837667;54839432;54839508;54839524;54847931	1	54847931	0.821429
HG03453	2	chr19	KIR2DS4.0060101	KIR2DS4.024	NA	NA	28	23	54839432;54839508;54839524;54839621;54847931	1	54847931	0.821429
HG03453	2	chr19	KIR2DS4.007	KIR2DS4.01102	NA	NA	28	23	54837818;54839432;54839508;54847200;54847277	1	54847931	0.821429
HG03453	2	chr19	KIR2DS4.008	KIR2DS4.01102	NA	NA	28	23	54837704;54839432;54839508;54847200;54847277	1	54847931	0.821429
HG03453	2	chr19	KIR2DS4.008	KIR2DS4.016	NA	NA	28	23	54837576;54837704;54837818;54839432;54839508	1	54847931	0.821429
HG03453	2	chr19	KIR2DS4.01102	KIR2DS4.014	NA	NA	28	23	54837818;54839432;54847200;54847277;54847931	1	54847931	0.821429
HG03453	2	chr19	KIR2DS4.01102	KIR2DS4.015	NA	NA	28	23	54837788;54839432;54847200;54847277;54847931	1	54847931	0.821429
HG03453	2	chr19	KIR2DS4.01102	KIR2DS4.017	NA	NA	28	23	54839432;54842910;54847200;54847277;54847931	1	54847931	0.821429
HG03453	2	chr19	KIR2DS4.01102	KIR2DS4.019	NA	NA	28	23	54837723;54839432;54847200;54847277;54847931	1	54847931	0.821429
HG03453	2	chr19	KIR2DS4.01102	KIR2DS4.020	NA	NA	28	23	54839432;54847200;54847277;54847799;54847931	1	54847931	0.821429
HG03453	2	chr19	KIR2DS4.01102	KIR2DS4.021	NA	NA	28	23	54837723;54839432;54847200;54847277;54847931	1	54847931	0.821429
HG03453	2	chr19	KIR2DS4.01102	KIR2DS4.022	NA	NA	28	23	54837615;54839432;54847200;54847277;54847931	1	54847931	0.821429
HG03453	2	chr19	KIR2DS4.01102	KIR2DS4.023	NA	NA	28	23	54837667;54839432;54847200;54847277;54847931	1	54847931	0.821429
HG03453	2	chr19	KIR2DS4.01102	KIR2DS4.024	NA	NA	28	23	54839432;54839621;54847200;54847277;54847931	1	54847931	0.821429
HG03453	2	chr19	KIR2DS4.015	KIR2DS4.016	NA	NA	28	23	54837576;54837788;54837818;54839432;54847931	1	54847931	0.821429
HG03453	2	chr19	KIR2DS4.016	KIR2DS4.017	NA	NA	28	23	54837576;54837818;54839432;54842910;54847931	1	54847931	0.821429
HG03453	2	chr19	KIR2DS4.016	KIR2DS4.019	NA	NA	28	23	54837576;54837723;54837818;54839432;54847931	1	54847931	0.821429
HG03453	2	chr19	KIR2DS4.016	KIR2DS4.020	NA	NA	28	23	54837576;54837818;54839432;54847799;54847931	1	54847931	0.821429
HG03453	2	chr19	KIR2DS4.016	KIR2DS4.021	NA	NA	28	23	54837576;54837723;54837818;54839432;54847931	1	54847931	0.821429
HG03453	2	chr19	KIR2DS4.016	KIR2DS4.022	NA	NA	28	23	54837576;54837615;54837818;54839432;54847931	1	54847931	0.821429
HG03453	2	chr19	KIR2DS4.016	KIR2DS4.023	NA	NA	28	23	54837576;54837667;54837818;54839432;54847931	1	54847931	0.821429
HG03453	2	chr19	KIR2DS4.016	KIR2DS4.024	NA	NA	28	23	54837576;54837818;54839432;54839621;54847931	1	54847931	0.821429
HG03453	2	chr19	KIR2DS4.0060101	KIR2DS4.01102	NA	NA	28	22	54839432;54839508;54839524;54847200;54847277;54847931	1	54847931	0.785714
HG03453	2	chr19	KIR2DS4.0060101	KIR2DS4.016	NA	NA	28	22	54837576;54837818;54839432;54839508;54839524;54847931	1	54847931	0.785714
HG03453	2	chr19	KIR2DS4.01102	KIR2DS4.016	NA	NA	28	22	54837576;54837818;54839432;54847200;54847277;54847931	1	54847931	0.785714
