Sample	Copy_number	Chr	Allele_A	Allele_B	Allele_C	Allele_D	Tested_genotypes	Valid_genotypes	Error_list	Missed_genotypes	Missed_list	Ratio
HG02723	2	chr19_KI270921v1_alt	KIR2DL2.0030101	KIR2DL2.015	NA	NA	30	28	53290;56774	1	62107	0.933333
HG02723	2	chr19_KI270921v1_alt	KIR2DL2.0030102	KIR2DL2.015	NA	NA	30	28	53290;56774	1	62107	0.933333
HG02723	2	chr19_KI270921v1_alt	KIR2DL2.0030103	KIR2DL2.015	NA	NA	30	28	53290;56774	1	62107	0.933333
HG02723	2	chr19_KI270921v1_alt	KIR2DL2.0030104	KIR2DL2.015	NA	NA	30	28	53290;56774	1	62107	0.933333
HG02723	2	chr19_KI270921v1_alt	KIR2DL2.00302	KIR2DL2.015	NA	NA	30	27	53290;56774;66975	1	62107	0.900000
HG02723	2	chr19_KI270921v1_alt	KIR2DL2.00303	KIR2DL2.015	NA	NA	30	27	53290;56774;56854	1	62107	0.900000
HG02723	2	chr19_KI270921v1_alt	KIR2DL2.00304	KIR2DL2.015	NA	NA	30	27	53290;56774;56896	1	62107	0.900000
HG02723	2	chr19_KI270921v1_alt	KIR2DL2.005	KIR2DL2.015	NA	NA	30	27	53290;56774;58784	1	62107	0.900000
HG02723	2	chr19_KI270921v1_alt	KIR2DL2.00601	KIR2DL2.015	NA	NA	30	27	53290;56718;56774	1	62107	0.900000
HG02723	2	chr19_KI270921v1_alt	KIR2DL2.009	KIR2DL2.015	NA	NA	30	27	53290;56774;58627	1	62107	0.900000
HG02723	2	chr19_KI270921v1_alt	KIR2DL2.012	KIR2DL2.015	NA	NA	30	27	53290;56679;56774	1	62107	0.900000
HG02723	2	chr19_KI270921v1_alt	KIR2DL2.0010101	KIR2DL2.00303	NA	NA	30	26	53290;56718;56774;58627	1	62107	0.866667
HG02723	2	chr19_KI270921v1_alt	KIR2DL2.0010101	KIR2DL2.00601	NA	NA	30	26	53290;56774;56854;58627	1	62107	0.866667
HG02723	2	chr19_KI270921v1_alt	KIR2DL2.0010101	KIR2DL2.009	NA	NA	30	26	53290;56718;56774;56854	1	62107	0.866667
HG02723	2	chr19_KI270921v1_alt	KIR2DL2.0010101	KIR2DL2.015	NA	NA	30	26	53290;56774;58784;67221	1	62107	0.866667
HG02723	2	chr19_KI270921v1_alt	KIR2DL2.0010102	KIR2DL2.00303	NA	NA	30	26	53290;56718;56774;58627	1	62107	0.866667
HG02723	2	chr19_KI270921v1_alt	KIR2DL2.0010102	KIR2DL2.00601	NA	NA	30	26	53290;56774;56854;58627	1	62107	0.866667
HG02723	2	chr19_KI270921v1_alt	KIR2DL2.0010102	KIR2DL2.009	NA	NA	30	26	53290;56718;56774;56854	1	62107	0.866667
HG02723	2	chr19_KI270921v1_alt	KIR2DL2.0010102	KIR2DL2.015	NA	NA	30	26	53290;56774;58784;67221	1	62107	0.866667
HG02723	2	chr19_KI270921v1_alt	KIR2DL2.0010104	KIR2DL2.00303	NA	NA	30	26	53290;56718;56774;58627	1	62107	0.866667
HG02723	2	chr19_KI270921v1_alt	KIR2DL2.0010104	KIR2DL2.00601	NA	NA	30	26	53290;56774;56854;58627	1	62107	0.866667
HG02723	2	chr19_KI270921v1_alt	KIR2DL2.0010104	KIR2DL2.009	NA	NA	30	26	53290;56718;56774;56854	1	62107	0.866667
HG02723	2	chr19_KI270921v1_alt	KIR2DL2.0010104	KIR2DL2.015	NA	NA	30	26	53290;56774;58784;67221	1	62107	0.866667
HG02723	2	chr19_KI270921v1_alt	KIR2DL2.00602	KIR2DL2.015	NA	NA	30	26	53290;56718;56774;56764	1	62107	0.866667
HG02723	2	chr19_KI270921v1_alt	KIR2DL2.014	KIR2DL2.015	NA	NA	30	26	53290;56774;56726;58592	1	62107	0.866667
HG02723	2	chr19_KI270921v1_alt	KIR2DL2.0010101	KIR2DL2.0030101	NA	NA	30	25	53290;56718;56774;56854;58627	1	62107	0.833333
HG02723	2	chr19_KI270921v1_alt	KIR2DL2.0010101	KIR2DL2.0030102	NA	NA	30	25	53290;56718;56774;56854;58627	1	62107	0.833333
HG02723	2	chr19_KI270921v1_alt	KIR2DL2.0010101	KIR2DL2.0030103	NA	NA	30	25	53290;56718;56774;56854;58627	1	62107	0.833333
HG02723	2	chr19_KI270921v1_alt	KIR2DL2.0010101	KIR2DL2.0030104	NA	NA	30	25	53290;56718;56774;56854;58627	1	62107	0.833333
HG02723	2	chr19_KI270921v1_alt	KIR2DL2.0010101	KIR2DL2.00602	NA	NA	30	25	53290;56774;56854;56764;58627	1	62107	0.833333
HG02723	2	chr19_KI270921v1_alt	KIR2DL2.0010102	KIR2DL2.0030101	NA	NA	30	25	53290;56718;56774;56854;58627	1	62107	0.833333
HG02723	2	chr19_KI270921v1_alt	KIR2DL2.0010102	KIR2DL2.0030102	NA	NA	30	25	53290;56718;56774;56854;58627	1	62107	0.833333
HG02723	2	chr19_KI270921v1_alt	KIR2DL2.0010102	KIR2DL2.0030103	NA	NA	30	25	53290;56718;56774;56854;58627	1	62107	0.833333
HG02723	2	chr19_KI270921v1_alt	KIR2DL2.0010102	KIR2DL2.0030104	NA	NA	30	25	53290;56718;56774;56854;58627	1	62107	0.833333
HG02723	2	chr19_KI270921v1_alt	KIR2DL2.0010102	KIR2DL2.00602	NA	NA	30	25	53290;56774;56854;56764;58627	1	62107	0.833333
HG02723	2	chr19_KI270921v1_alt	KIR2DL2.0010104	KIR2DL2.0030101	NA	NA	30	25	53290;56718;56774;56854;58627	1	62107	0.833333
HG02723	2	chr19_KI270921v1_alt	KIR2DL2.0010104	KIR2DL2.0030102	NA	NA	30	25	53290;56718;56774;56854;58627	1	62107	0.833333
HG02723	2	chr19_KI270921v1_alt	KIR2DL2.0010104	KIR2DL2.0030103	NA	NA	30	25	53290;56718;56774;56854;58627	1	62107	0.833333
HG02723	2	chr19_KI270921v1_alt	KIR2DL2.0010104	KIR2DL2.0030104	NA	NA	30	25	53290;56718;56774;56854;58627	1	62107	0.833333
HG02723	2	chr19_KI270921v1_alt	KIR2DL2.0010104	KIR2DL2.00602	NA	NA	30	25	53290;56774;56854;56764;58627	1	62107	0.833333
HG02723	2	chr19_KI270921v1_alt	KIR2DL2.00102	KIR2DL2.00303	NA	NA	30	25	53290;56718;56774;56911;58627	1	62107	0.833333
HG02723	2	chr19_KI270921v1_alt	KIR2DL2.00102	KIR2DL2.00601	NA	NA	30	25	53290;56774;56854;56911;58627	1	62107	0.833333
HG02723	2	chr19_KI270921v1_alt	KIR2DL2.00102	KIR2DL2.009	NA	NA	30	25	53290;56718;56774;56854;56911	1	62107	0.833333
HG02723	2	chr19_KI270921v1_alt	KIR2DL2.00102	KIR2DL2.015	NA	NA	30	25	53290;56774;56911;58784;67221	1	62107	0.833333
HG02723	2	chr19_KI270921v1_alt	KIR2DL2.00103	KIR2DL2.00303	NA	NA	30	25	53290;56718;56774;58627;67220	1	62107	0.833333
HG02723	2	chr19_KI270921v1_alt	KIR2DL2.00103	KIR2DL2.00601	NA	NA	30	25	53290;56774;56854;58627;67220	1	62107	0.833333
HG02723	2	chr19_KI270921v1_alt	KIR2DL2.00103	KIR2DL2.009	NA	NA	30	25	53290;56718;56774;56854;67220	1	62107	0.833333
HG02723	2	chr19_KI270921v1_alt	KIR2DL2.00103	KIR2DL2.015	NA	NA	30	25	53290;56774;58784;67220;67221	1	62107	0.833333
HG02723	2	chr19_KI270921v1_alt	KIR2DL2.002	KIR2DL2.00303	NA	NA	30	25	53290;56718;56774;58627;66990	1	62107	0.833333
HG02723	2	chr19_KI270921v1_alt	KIR2DL2.002	KIR2DL2.00601	NA	NA	30	25	53290;56774;56854;58627;66990	1	62107	0.833333
HG02723	2	chr19_KI270921v1_alt	KIR2DL2.002	KIR2DL2.009	NA	NA	30	25	53290;56718;56774;56854;66990	1	62107	0.833333
HG02723	2	chr19_KI270921v1_alt	KIR2DL2.002	KIR2DL2.015	NA	NA	30	25	53290;56774;58784;66990;67221	1	62107	0.833333
HG02723	2	chr19_KI270921v1_alt	KIR2DL2.00303	KIR2DL2.005	NA	NA	30	25	53290;56718;56774;58627;67221	1	62107	0.833333
HG02723	2	chr19_KI270921v1_alt	KIR2DL2.00303	KIR2DL2.007	NA	NA	30	25	53290;56718;56774;58627;66422	1	62107	0.833333
HG02723	2	chr19_KI270921v1_alt	KIR2DL2.00303	KIR2DL2.009	NA	NA	30	25	53290;56718;56774;58784;67221	1	62107	0.833333
HG02723	2	chr19_KI270921v1_alt	KIR2DL2.00303	KIR2DL2.016	NA	NA	30	25	53290;56718;56774;58627;58657	1	62107	0.833333
HG02723	2	chr19_KI270921v1_alt	KIR2DL2.005	KIR2DL2.00601	NA	NA	30	25	53290;56774;56854;58627;67221	1	62107	0.833333
HG02723	2	chr19_KI270921v1_alt	KIR2DL2.005	KIR2DL2.009	NA	NA	30	25	53290;56718;56774;56854;67221	1	62107	0.833333
HG02723	2	chr19_KI270921v1_alt	KIR2DL2.00601	KIR2DL2.007	NA	NA	30	25	53290;56774;56854;58627;66422	1	62107	0.833333
HG02723	2	chr19_KI270921v1_alt	KIR2DL2.00601	KIR2DL2.009	NA	NA	30	25	53290;56774;56854;58784;67221	1	62107	0.833333
HG02723	2	chr19_KI270921v1_alt	KIR2DL2.00601	KIR2DL2.016	NA	NA	30	25	53290;56774;56854;58627;58657	1	62107	0.833333
HG02723	2	chr19_KI270921v1_alt	KIR2DL2.007	KIR2DL2.009	NA	NA	30	25	53290;56718;56774;56854;66422	1	62107	0.833333
HG02723	2	chr19_KI270921v1_alt	KIR2DL2.007	KIR2DL2.015	NA	NA	30	25	53290;56774;58784;66422;67221	1	62107	0.833333
HG02723	2	chr19_KI270921v1_alt	KIR2DL2.008	KIR2DL2.015	NA	NA	30	25	53290;56774;58784;66460;66975	1	62107	0.833333
HG02723	2	chr19_KI270921v1_alt	KIR2DL2.009	KIR2DL2.016	NA	NA	30	25	53290;56718;56774;56854;58657	1	62107	0.833333
HG02723	2	chr19_KI270921v1_alt	KIR2DL2.013	KIR2DL2.015	NA	NA	30	25	53290;56774;66470;66975;67242	1	62107	0.833333
HG02723	2	chr19_KI270921v1_alt	KIR2DL2.015	KIR2DL2.016	NA	NA	30	25	53290;56774;58657;58784;67221	1	62107	0.833333
HG02723	2	chr19_KI270921v1_alt	KIR2DL2.0010101	KIR2DL2.00302	NA	NA	30	24	53290;56718;56774;56854;58627;66975	1	62107	0.800000
HG02723	2	chr19_KI270921v1_alt	KIR2DL2.0010101	KIR2DL2.00304	NA	NA	30	24	53290;56718;56774;56854;56896;58627	1	62107	0.800000
HG02723	2	chr19_KI270921v1_alt	KIR2DL2.0010101	KIR2DL2.005	NA	NA	30	24	53290;56718;56774;56854;58627;58784	1	62107	0.800000
HG02723	2	chr19_KI270921v1_alt	KIR2DL2.0010101	KIR2DL2.012	NA	NA	30	24	53290;56679;56718;56774;56854;58627	1	62107	0.800000
HG02723	2	chr19_KI270921v1_alt	KIR2DL2.0010102	KIR2DL2.00302	NA	NA	30	24	53290;56718;56774;56854;58627;66975	1	62107	0.800000
HG02723	2	chr19_KI270921v1_alt	KIR2DL2.0010102	KIR2DL2.00304	NA	NA	30	24	53290;56718;56774;56854;56896;58627	1	62107	0.800000
HG02723	2	chr19_KI270921v1_alt	KIR2DL2.0010102	KIR2DL2.005	NA	NA	30	24	53290;56718;56774;56854;58627;58784	1	62107	0.800000
HG02723	2	chr19_KI270921v1_alt	KIR2DL2.0010102	KIR2DL2.012	NA	NA	30	24	53290;56679;56718;56774;56854;58627	1	62107	0.800000
HG02723	2	chr19_KI270921v1_alt	KIR2DL2.0010104	KIR2DL2.00302	NA	NA	30	24	53290;56718;56774;56854;58627;66975	1	62107	0.800000
HG02723	2	chr19_KI270921v1_alt	KIR2DL2.0010104	KIR2DL2.00304	NA	NA	30	24	53290;56718;56774;56854;56896;58627	1	62107	0.800000
HG02723	2	chr19_KI270921v1_alt	KIR2DL2.0010104	KIR2DL2.005	NA	NA	30	24	53290;56718;56774;56854;58627;58784	1	62107	0.800000
HG02723	2	chr19_KI270921v1_alt	KIR2DL2.0010104	KIR2DL2.012	NA	NA	30	24	53290;56679;56718;56774;56854;58627	1	62107	0.800000
HG02723	2	chr19_KI270921v1_alt	KIR2DL2.00102	KIR2DL2.0030101	NA	NA	30	24	53290;56718;56774;56854;56911;58627	1	62107	0.800000
HG02723	2	chr19_KI270921v1_alt	KIR2DL2.00102	KIR2DL2.0030102	NA	NA	30	24	53290;56718;56774;56854;56911;58627	1	62107	0.800000
HG02723	2	chr19_KI270921v1_alt	KIR2DL2.00102	KIR2DL2.0030103	NA	NA	30	24	53290;56718;56774;56854;56911;58627	1	62107	0.800000
HG02723	2	chr19_KI270921v1_alt	KIR2DL2.00102	KIR2DL2.0030104	NA	NA	30	24	53290;56718;56774;56854;56911;58627	1	62107	0.800000
HG02723	2	chr19_KI270921v1_alt	KIR2DL2.00102	KIR2DL2.00602	NA	NA	30	24	53290;56774;56854;56764;56911;58627	1	62107	0.800000
HG02723	2	chr19_KI270921v1_alt	KIR2DL2.00103	KIR2DL2.0030101	NA	NA	30	24	53290;56718;56774;56854;58627;67220	1	62107	0.800000
HG02723	2	chr19_KI270921v1_alt	KIR2DL2.00103	KIR2DL2.0030102	NA	NA	30	24	53290;56718;56774;56854;58627;67220	1	62107	0.800000
HG02723	2	chr19_KI270921v1_alt	KIR2DL2.00103	KIR2DL2.0030103	NA	NA	30	24	53290;56718;56774;56854;58627;67220	1	62107	0.800000
HG02723	2	chr19_KI270921v1_alt	KIR2DL2.00103	KIR2DL2.0030104	NA	NA	30	24	53290;56718;56774;56854;58627;67220	1	62107	0.800000
HG02723	2	chr19_KI270921v1_alt	KIR2DL2.00103	KIR2DL2.00602	NA	NA	30	24	53290;56774;56854;56764;58627;67220	1	62107	0.800000
HG02723	2	chr19_KI270921v1_alt	KIR2DL2.002	KIR2DL2.0030101	NA	NA	30	24	53290;56718;56774;56854;58627;66990	1	62107	0.800000
HG02723	2	chr19_KI270921v1_alt	KIR2DL2.002	KIR2DL2.0030102	NA	NA	30	24	53290;56718;56774;56854;58627;66990	1	62107	0.800000
HG02723	2	chr19_KI270921v1_alt	KIR2DL2.002	KIR2DL2.0030103	NA	NA	30	24	53290;56718;56774;56854;58627;66990	1	62107	0.800000
HG02723	2	chr19_KI270921v1_alt	KIR2DL2.002	KIR2DL2.0030104	NA	NA	30	24	53290;56718;56774;56854;58627;66990	1	62107	0.800000
HG02723	2	chr19_KI270921v1_alt	KIR2DL2.002	KIR2DL2.00602	NA	NA	30	24	53290;56774;56854;56764;58627;66990	1	62107	0.800000
HG02723	2	chr19_KI270921v1_alt	KIR2DL2.0030101	KIR2DL2.00303	NA	NA	30	24	53290;56718;56774;58627;58784;67221	1	62107	0.800000
HG02723	2	chr19_KI270921v1_alt	KIR2DL2.0030101	KIR2DL2.005	NA	NA	30	24	53290;56718;56774;56854;58627;67221	1	62107	0.800000
HG02723	2	chr19_KI270921v1_alt	KIR2DL2.0030101	KIR2DL2.00601	NA	NA	30	24	53290;56774;56854;58627;58784;67221	1	62107	0.800000
HG02723	2	chr19_KI270921v1_alt	KIR2DL2.0030101	KIR2DL2.007	NA	NA	30	24	53290;56718;56774;56854;58627;66422	1	62107	0.800000
HG02723	2	chr19_KI270921v1_alt	KIR2DL2.0030101	KIR2DL2.009	NA	NA	30	24	53290;56718;56774;56854;58784;67221	1	62107	0.800000
HG02723	2	chr19_KI270921v1_alt	KIR2DL2.0030101	KIR2DL2.016	NA	NA	30	24	53290;56718;56774;56854;58627;58657	1	62107	0.800000
HG02723	2	chr19_KI270921v1_alt	KIR2DL2.0030102	KIR2DL2.00303	NA	NA	30	24	53290;56718;56774;58627;58784;67221	1	62107	0.800000
HG02723	2	chr19_KI270921v1_alt	KIR2DL2.0030102	KIR2DL2.005	NA	NA	30	24	53290;56718;56774;56854;58627;67221	1	62107	0.800000
HG02723	2	chr19_KI270921v1_alt	KIR2DL2.0030102	KIR2DL2.00601	NA	NA	30	24	53290;56774;56854;58627;58784;67221	1	62107	0.800000
HG02723	2	chr19_KI270921v1_alt	KIR2DL2.0030102	KIR2DL2.007	NA	NA	30	24	53290;56718;56774;56854;58627;66422	1	62107	0.800000
HG02723	2	chr19_KI270921v1_alt	KIR2DL2.0030102	KIR2DL2.009	NA	NA	30	24	53290;56718;56774;56854;58784;67221	1	62107	0.800000
HG02723	2	chr19_KI270921v1_alt	KIR2DL2.0030102	KIR2DL2.016	NA	NA	30	24	53290;56718;56774;56854;58627;58657	1	62107	0.800000
HG02723	2	chr19_KI270921v1_alt	KIR2DL2.0030103	KIR2DL2.00303	NA	NA	30	24	53290;56718;56774;58627;58784;67221	1	62107	0.800000
HG02723	2	chr19_KI270921v1_alt	KIR2DL2.0030103	KIR2DL2.005	NA	NA	30	24	53290;56718;56774;56854;58627;67221	1	62107	0.800000
HG02723	2	chr19_KI270921v1_alt	KIR2DL2.0030103	KIR2DL2.00601	NA	NA	30	24	53290;56774;56854;58627;58784;67221	1	62107	0.800000
HG02723	2	chr19_KI270921v1_alt	KIR2DL2.0030103	KIR2DL2.007	NA	NA	30	24	53290;56718;56774;56854;58627;66422	1	62107	0.800000
HG02723	2	chr19_KI270921v1_alt	KIR2DL2.0030103	KIR2DL2.009	NA	NA	30	24	53290;56718;56774;56854;58784;67221	1	62107	0.800000
HG02723	2	chr19_KI270921v1_alt	KIR2DL2.0030103	KIR2DL2.016	NA	NA	30	24	53290;56718;56774;56854;58627;58657	1	62107	0.800000
HG02723	2	chr19_KI270921v1_alt	KIR2DL2.0030104	KIR2DL2.00303	NA	NA	30	24	53290;56718;56774;58627;58784;67221	1	62107	0.800000
HG02723	2	chr19_KI270921v1_alt	KIR2DL2.0030104	KIR2DL2.005	NA	NA	30	24	53290;56718;56774;56854;58627;67221	1	62107	0.800000
HG02723	2	chr19_KI270921v1_alt	KIR2DL2.0030104	KIR2DL2.00601	NA	NA	30	24	53290;56774;56854;58627;58784;67221	1	62107	0.800000
HG02723	2	chr19_KI270921v1_alt	KIR2DL2.0030104	KIR2DL2.007	NA	NA	30	24	53290;56718;56774;56854;58627;66422	1	62107	0.800000
HG02723	2	chr19_KI270921v1_alt	KIR2DL2.0030104	KIR2DL2.009	NA	NA	30	24	53290;56718;56774;56854;58784;67221	1	62107	0.800000
HG02723	2	chr19_KI270921v1_alt	KIR2DL2.0030104	KIR2DL2.016	NA	NA	30	24	53290;56718;56774;56854;58627;58657	1	62107	0.800000
HG02723	2	chr19_KI270921v1_alt	KIR2DL2.00303	KIR2DL2.00601	NA	NA	30	24	53290;56774;56854;58627;58784;67221	1	62107	0.800000
HG02723	2	chr19_KI270921v1_alt	KIR2DL2.005	KIR2DL2.00602	NA	NA	30	24	53290;56774;56854;56764;58627;67221	1	62107	0.800000
HG02723	2	chr19_KI270921v1_alt	KIR2DL2.00602	KIR2DL2.007	NA	NA	30	24	53290;56774;56854;56764;58627;66422	1	62107	0.800000
HG02723	2	chr19_KI270921v1_alt	KIR2DL2.00602	KIR2DL2.009	NA	NA	30	24	53290;56774;56854;56764;58784;67221	1	62107	0.800000
HG02723	2	chr19_KI270921v1_alt	KIR2DL2.00602	KIR2DL2.016	NA	NA	30	24	53290;56774;56854;56764;58627;58657	1	62107	0.800000
HG02723	2	chr19_KI270921v1_alt	KIR2DL2.010	KIR2DL2.015	NA	NA	30	24	53290;56774;58784;66460;66975;67101	1	62107	0.800000
HG02723	2	chr19_KI270921v1_alt	KIR2DL2.0010101	KIR2DL2.0010101	NA	NA	30	23	53290;56718;56774;56854;58627;58784;67221	1	62107	0.766667
HG02723	2	chr19_KI270921v1_alt	KIR2DL2.0010101	KIR2DL2.0010102	NA	NA	30	23	53290;56718;56774;56854;58627;58784;67221	1	62107	0.766667
HG02723	2	chr19_KI270921v1_alt	KIR2DL2.0010101	KIR2DL2.0010104	NA	NA	30	23	53290;56718;56774;56854;58627;58784;67221	1	62107	0.766667
HG02723	2	chr19_KI270921v1_alt	KIR2DL2.0010101	KIR2DL2.014	NA	NA	30	23	53290;56718;56774;56854;56726;58592;58627	1	62107	0.766667
HG02723	2	chr19_KI270921v1_alt	KIR2DL2.0010102	KIR2DL2.0010102	NA	NA	30	23	53290;56718;56774;56854;58627;58784;67221	1	62107	0.766667
HG02723	2	chr19_KI270921v1_alt	KIR2DL2.0010102	KIR2DL2.0010104	NA	NA	30	23	53290;56718;56774;56854;58627;58784;67221	1	62107	0.766667
HG02723	2	chr19_KI270921v1_alt	KIR2DL2.0010102	KIR2DL2.014	NA	NA	30	23	53290;56718;56774;56854;56726;58592;58627	1	62107	0.766667
HG02723	2	chr19_KI270921v1_alt	KIR2DL2.0010104	KIR2DL2.0010104	NA	NA	30	23	53290;56718;56774;56854;58627;58784;67221	1	62107	0.766667
HG02723	2	chr19_KI270921v1_alt	KIR2DL2.0010104	KIR2DL2.014	NA	NA	30	23	53290;56718;56774;56854;56726;58592;58627	1	62107	0.766667
HG02723	2	chr19_KI270921v1_alt	KIR2DL2.00102	KIR2DL2.00302	NA	NA	30	23	53290;56718;56774;56854;56911;58627;66975	1	62107	0.766667
HG02723	2	chr19_KI270921v1_alt	KIR2DL2.00102	KIR2DL2.00304	NA	NA	30	23	53290;56718;56774;56854;56896;56911;58627	1	62107	0.766667
HG02723	2	chr19_KI270921v1_alt	KIR2DL2.00102	KIR2DL2.005	NA	NA	30	23	53290;56718;56774;56854;56911;58627;58784	1	62107	0.766667
HG02723	2	chr19_KI270921v1_alt	KIR2DL2.00102	KIR2DL2.012	NA	NA	30	23	53290;56679;56718;56774;56854;56911;58627	1	62107	0.766667
HG02723	2	chr19_KI270921v1_alt	KIR2DL2.00103	KIR2DL2.00302	NA	NA	30	23	53290;56718;56774;56854;58627;66975;67220	1	62107	0.766667
HG02723	2	chr19_KI270921v1_alt	KIR2DL2.00103	KIR2DL2.00304	NA	NA	30	23	53290;56718;56774;56854;56896;58627;67220	1	62107	0.766667
HG02723	2	chr19_KI270921v1_alt	KIR2DL2.00103	KIR2DL2.005	NA	NA	30	23	53290;56718;56774;56854;58627;58784;67220	1	62107	0.766667
HG02723	2	chr19_KI270921v1_alt	KIR2DL2.00103	KIR2DL2.012	NA	NA	30	23	53290;56679;56718;56774;56854;58627;67220	1	62107	0.766667
HG02723	2	chr19_KI270921v1_alt	KIR2DL2.002	KIR2DL2.00302	NA	NA	30	23	53290;56718;56774;56854;58627;66975;66990	1	62107	0.766667
HG02723	2	chr19_KI270921v1_alt	KIR2DL2.002	KIR2DL2.00304	NA	NA	30	23	53290;56718;56774;56854;56896;58627;66990	1	62107	0.766667
HG02723	2	chr19_KI270921v1_alt	KIR2DL2.002	KIR2DL2.005	NA	NA	30	23	53290;56718;56774;56854;58627;58784;66990	1	62107	0.766667
HG02723	2	chr19_KI270921v1_alt	KIR2DL2.002	KIR2DL2.012	NA	NA	30	23	53290;56679;56718;56774;56854;58627;66990	1	62107	0.766667
HG02723	2	chr19_KI270921v1_alt	KIR2DL2.0030101	KIR2DL2.0030101	NA	NA	30	23	53290;56718;56774;56854;58627;58784;67221	1	62107	0.766667
HG02723	2	chr19_KI270921v1_alt	KIR2DL2.0030101	KIR2DL2.0030102	NA	NA	30	23	53290;56718;56774;56854;58627;58784;67221	1	62107	0.766667
HG02723	2	chr19_KI270921v1_alt	KIR2DL2.0030101	KIR2DL2.0030103	NA	NA	30	23	53290;56718;56774;56854;58627;58784;67221	1	62107	0.766667
HG02723	2	chr19_KI270921v1_alt	KIR2DL2.0030101	KIR2DL2.0030104	NA	NA	30	23	53290;56718;56774;56854;58627;58784;67221	1	62107	0.766667
HG02723	2	chr19_KI270921v1_alt	KIR2DL2.0030101	KIR2DL2.00602	NA	NA	30	23	53290;56774;56854;56764;58627;58784;67221	1	62107	0.766667
HG02723	2	chr19_KI270921v1_alt	KIR2DL2.0030102	KIR2DL2.0030102	NA	NA	30	23	53290;56718;56774;56854;58627;58784;67221	1	62107	0.766667
HG02723	2	chr19_KI270921v1_alt	KIR2DL2.0030102	KIR2DL2.0030103	NA	NA	30	23	53290;56718;56774;56854;58627;58784;67221	1	62107	0.766667
HG02723	2	chr19_KI270921v1_alt	KIR2DL2.0030102	KIR2DL2.0030104	NA	NA	30	23	53290;56718;56774;56854;58627;58784;67221	1	62107	0.766667
HG02723	2	chr19_KI270921v1_alt	KIR2DL2.0030102	KIR2DL2.00602	NA	NA	30	23	53290;56774;56854;56764;58627;58784;67221	1	62107	0.766667
HG02723	2	chr19_KI270921v1_alt	KIR2DL2.0030103	KIR2DL2.0030103	NA	NA	30	23	53290;56718;56774;56854;58627;58784;67221	1	62107	0.766667
HG02723	2	chr19_KI270921v1_alt	KIR2DL2.0030103	KIR2DL2.0030104	NA	NA	30	23	53290;56718;56774;56854;58627;58784;67221	1	62107	0.766667
HG02723	2	chr19_KI270921v1_alt	KIR2DL2.0030103	KIR2DL2.00602	NA	NA	30	23	53290;56774;56854;56764;58627;58784;67221	1	62107	0.766667
HG02723	2	chr19_KI270921v1_alt	KIR2DL2.0030104	KIR2DL2.0030104	NA	NA	30	23	53290;56718;56774;56854;58627;58784;67221	1	62107	0.766667
HG02723	2	chr19_KI270921v1_alt	KIR2DL2.0030104	KIR2DL2.00602	NA	NA	30	23	53290;56774;56854;56764;58627;58784;67221	1	62107	0.766667
HG02723	2	chr19_KI270921v1_alt	KIR2DL2.00302	KIR2DL2.00303	NA	NA	30	23	53290;56718;56774;58627;58784;66975;67221	1	62107	0.766667
HG02723	2	chr19_KI270921v1_alt	KIR2DL2.00302	KIR2DL2.005	NA	NA	30	23	53290;56718;56774;56854;58627;66975;67221	1	62107	0.766667
HG02723	2	chr19_KI270921v1_alt	KIR2DL2.00302	KIR2DL2.00601	NA	NA	30	23	53290;56774;56854;58627;58784;66975;67221	1	62107	0.766667
HG02723	2	chr19_KI270921v1_alt	KIR2DL2.00302	KIR2DL2.007	NA	NA	30	23	53290;56718;56774;56854;58627;66422;66975	1	62107	0.766667
HG02723	2	chr19_KI270921v1_alt	KIR2DL2.00302	KIR2DL2.009	NA	NA	30	23	53290;56718;56774;56854;58784;66975;67221	1	62107	0.766667
HG02723	2	chr19_KI270921v1_alt	KIR2DL2.00302	KIR2DL2.016	NA	NA	30	23	53290;56718;56774;56854;58627;58657;66975	1	62107	0.766667
HG02723	2	chr19_KI270921v1_alt	KIR2DL2.00303	KIR2DL2.00303	NA	NA	30	23	53290;56718;56774;56854;58627;58784;67221	1	62107	0.766667
HG02723	2	chr19_KI270921v1_alt	KIR2DL2.00303	KIR2DL2.00304	NA	NA	30	23	53290;56718;56774;56896;58627;58784;67221	1	62107	0.766667
HG02723	2	chr19_KI270921v1_alt	KIR2DL2.00303	KIR2DL2.00602	NA	NA	30	23	53290;56774;56854;56764;58627;58784;67221	1	62107	0.766667
HG02723	2	chr19_KI270921v1_alt	KIR2DL2.00303	KIR2DL2.008	NA	NA	30	23	53290;56718;56774;58627;66460;66975;67221	1	62107	0.766667
HG02723	2	chr19_KI270921v1_alt	KIR2DL2.00303	KIR2DL2.012	NA	NA	30	23	53290;56679;56718;56774;58627;58784;67221	1	62107	0.766667
HG02723	2	chr19_KI270921v1_alt	KIR2DL2.00304	KIR2DL2.005	NA	NA	30	23	53290;56718;56774;56854;56896;58627;67221	1	62107	0.766667
HG02723	2	chr19_KI270921v1_alt	KIR2DL2.00304	KIR2DL2.00601	NA	NA	30	23	53290;56774;56854;56896;58627;58784;67221	1	62107	0.766667
HG02723	2	chr19_KI270921v1_alt	KIR2DL2.00304	KIR2DL2.007	NA	NA	30	23	53290;56718;56774;56854;56896;58627;66422	1	62107	0.766667
HG02723	2	chr19_KI270921v1_alt	KIR2DL2.00304	KIR2DL2.009	NA	NA	30	23	53290;56718;56774;56854;56896;58784;67221	1	62107	0.766667
HG02723	2	chr19_KI270921v1_alt	KIR2DL2.00304	KIR2DL2.016	NA	NA	30	23	53290;56718;56774;56854;56896;58627;58657	1	62107	0.766667
HG02723	2	chr19_KI270921v1_alt	KIR2DL2.005	KIR2DL2.005	NA	NA	30	23	53290;56718;56774;56854;58627;58784;67221	1	62107	0.766667
HG02723	2	chr19_KI270921v1_alt	KIR2DL2.005	KIR2DL2.007	NA	NA	30	23	53290;56718;56774;56854;58627;58784;66422	1	62107	0.766667
HG02723	2	chr19_KI270921v1_alt	KIR2DL2.005	KIR2DL2.012	NA	NA	30	23	53290;56679;56718;56774;56854;58627;67221	1	62107	0.766667
HG02723	2	chr19_KI270921v1_alt	KIR2DL2.005	KIR2DL2.016	NA	NA	30	23	53290;56718;56774;56854;58627;58657;58784	1	62107	0.766667
HG02723	2	chr19_KI270921v1_alt	KIR2DL2.00601	KIR2DL2.00601	NA	NA	30	23	53290;56718;56774;56854;58627;58784;67221	1	62107	0.766667
HG02723	2	chr19_KI270921v1_alt	KIR2DL2.00601	KIR2DL2.008	NA	NA	30	23	53290;56774;56854;58627;66460;66975;67221	1	62107	0.766667
HG02723	2	chr19_KI270921v1_alt	KIR2DL2.00601	KIR2DL2.012	NA	NA	30	23	53290;56679;56774;56854;58627;58784;67221	1	62107	0.766667
HG02723	2	chr19_KI270921v1_alt	KIR2DL2.007	KIR2DL2.012	NA	NA	30	23	53290;56679;56718;56774;56854;58627;66422	1	62107	0.766667
HG02723	2	chr19_KI270921v1_alt	KIR2DL2.008	KIR2DL2.009	NA	NA	30	23	53290;56718;56774;56854;66460;66975;67221	1	62107	0.766667
HG02723	2	chr19_KI270921v1_alt	KIR2DL2.009	KIR2DL2.009	NA	NA	30	23	53290;56718;56774;56854;58627;58784;67221	1	62107	0.766667
HG02723	2	chr19_KI270921v1_alt	KIR2DL2.009	KIR2DL2.012	NA	NA	30	23	53290;56679;56718;56774;56854;58784;67221	1	62107	0.766667
HG02723	2	chr19_KI270921v1_alt	KIR2DL2.012	KIR2DL2.016	NA	NA	30	23	53290;56679;56718;56774;56854;58627;58657	1	62107	0.766667
HG02723	2	chr19_KI270921v1_alt	KIR2DL2.015	KIR2DL2.015	NA	NA	30	23	53290;56718;56774;56854;58627;58784;67221	1	62107	0.766667
HG02723	2	chr19_KI270921v1_alt	KIR2DL2.0010101	KIR2DL2.00102	NA	NA	30	22	53290;56718;56774;56854;56911;58627;58784;67221	1	62107	0.733333
HG02723	2	chr19_KI270921v1_alt	KIR2DL2.0010101	KIR2DL2.00103	NA	NA	30	22	53290;56718;56774;56854;58627;58784;67220;67221	1	62107	0.733333
HG02723	2	chr19_KI270921v1_alt	KIR2DL2.0010101	KIR2DL2.002	NA	NA	30	22	53290;56718;56774;56854;58627;58784;66990;67221	1	62107	0.733333
HG02723	2	chr19_KI270921v1_alt	KIR2DL2.0010101	KIR2DL2.007	NA	NA	30	22	53290;56718;56774;56854;58627;58784;66422;67221	1	62107	0.733333
HG02723	2	chr19_KI270921v1_alt	KIR2DL2.0010101	KIR2DL2.008	NA	NA	30	22	53290;56718;56774;56854;58627;58784;66460;66975	1	62107	0.733333
HG02723	2	chr19_KI270921v1_alt	KIR2DL2.0010101	KIR2DL2.013	NA	NA	30	22	53290;56718;56774;56854;58627;66470;66975;67242	1	62107	0.733333
HG02723	2	chr19_KI270921v1_alt	KIR2DL2.0010101	KIR2DL2.016	NA	NA	30	22	53290;56718;56774;56854;58627;58657;58784;67221	1	62107	0.733333
HG02723	2	chr19_KI270921v1_alt	KIR2DL2.0010102	KIR2DL2.00102	NA	NA	30	22	53290;56718;56774;56854;56911;58627;58784;67221	1	62107	0.733333
HG02723	2	chr19_KI270921v1_alt	KIR2DL2.0010102	KIR2DL2.00103	NA	NA	30	22	53290;56718;56774;56854;58627;58784;67220;67221	1	62107	0.733333
HG02723	2	chr19_KI270921v1_alt	KIR2DL2.0010102	KIR2DL2.002	NA	NA	30	22	53290;56718;56774;56854;58627;58784;66990;67221	1	62107	0.733333
HG02723	2	chr19_KI270921v1_alt	KIR2DL2.0010102	KIR2DL2.007	NA	NA	30	22	53290;56718;56774;56854;58627;58784;66422;67221	1	62107	0.733333
HG02723	2	chr19_KI270921v1_alt	KIR2DL2.0010102	KIR2DL2.008	NA	NA	30	22	53290;56718;56774;56854;58627;58784;66460;66975	1	62107	0.733333
HG02723	2	chr19_KI270921v1_alt	KIR2DL2.0010102	KIR2DL2.013	NA	NA	30	22	53290;56718;56774;56854;58627;66470;66975;67242	1	62107	0.733333
HG02723	2	chr19_KI270921v1_alt	KIR2DL2.0010102	KIR2DL2.016	NA	NA	30	22	53290;56718;56774;56854;58627;58657;58784;67221	1	62107	0.733333
HG02723	2	chr19_KI270921v1_alt	KIR2DL2.0010104	KIR2DL2.00102	NA	NA	30	22	53290;56718;56774;56854;56911;58627;58784;67221	1	62107	0.733333
HG02723	2	chr19_KI270921v1_alt	KIR2DL2.0010104	KIR2DL2.00103	NA	NA	30	22	53290;56718;56774;56854;58627;58784;67220;67221	1	62107	0.733333
HG02723	2	chr19_KI270921v1_alt	KIR2DL2.0010104	KIR2DL2.002	NA	NA	30	22	53290;56718;56774;56854;58627;58784;66990;67221	1	62107	0.733333
HG02723	2	chr19_KI270921v1_alt	KIR2DL2.0010104	KIR2DL2.007	NA	NA	30	22	53290;56718;56774;56854;58627;58784;66422;67221	1	62107	0.733333
HG02723	2	chr19_KI270921v1_alt	KIR2DL2.0010104	KIR2DL2.008	NA	NA	30	22	53290;56718;56774;56854;58627;58784;66460;66975	1	62107	0.733333
HG02723	2	chr19_KI270921v1_alt	KIR2DL2.0010104	KIR2DL2.013	NA	NA	30	22	53290;56718;56774;56854;58627;66470;66975;67242	1	62107	0.733333
HG02723	2	chr19_KI270921v1_alt	KIR2DL2.0010104	KIR2DL2.016	NA	NA	30	22	53290;56718;56774;56854;58627;58657;58784;67221	1	62107	0.733333
HG02723	2	chr19_KI270921v1_alt	KIR2DL2.00102	KIR2DL2.00102	NA	NA	30	22	53290;56718;56774;56854;56911;58627;58784;67221	1	62107	0.733333
HG02723	2	chr19_KI270921v1_alt	KIR2DL2.00102	KIR2DL2.014	NA	NA	30	22	53290;56718;56774;56854;56726;56911;58592;58627	1	62107	0.733333
HG02723	2	chr19_KI270921v1_alt	KIR2DL2.00103	KIR2DL2.00103	NA	NA	30	22	53290;56718;56774;56854;58627;58784;67220;67221	1	62107	0.733333
HG02723	2	chr19_KI270921v1_alt	KIR2DL2.00103	KIR2DL2.014	NA	NA	30	22	53290;56718;56774;56854;56726;58592;58627;67220	1	62107	0.733333
HG02723	2	chr19_KI270921v1_alt	KIR2DL2.002	KIR2DL2.002	NA	NA	30	22	53290;56718;56774;56854;58627;58784;66990;67221	1	62107	0.733333
HG02723	2	chr19_KI270921v1_alt	KIR2DL2.002	KIR2DL2.014	NA	NA	30	22	53290;56718;56774;56854;56726;58592;58627;66990	1	62107	0.733333
HG02723	2	chr19_KI270921v1_alt	KIR2DL2.0030101	KIR2DL2.00302	NA	NA	30	22	53290;56718;56774;56854;58627;58784;66975;67221	1	62107	0.733333
HG02723	2	chr19_KI270921v1_alt	KIR2DL2.0030101	KIR2DL2.00304	NA	NA	30	22	53290;56718;56774;56854;56896;58627;58784;67221	1	62107	0.733333
HG02723	2	chr19_KI270921v1_alt	KIR2DL2.0030101	KIR2DL2.008	NA	NA	30	22	53290;56718;56774;56854;58627;66460;66975;67221	1	62107	0.733333
HG02723	2	chr19_KI270921v1_alt	KIR2DL2.0030101	KIR2DL2.012	NA	NA	30	22	53290;56679;56718;56774;56854;58627;58784;67221	1	62107	0.733333
HG02723	2	chr19_KI270921v1_alt	KIR2DL2.0030102	KIR2DL2.00302	NA	NA	30	22	53290;56718;56774;56854;58627;58784;66975;67221	1	62107	0.733333
HG02723	2	chr19_KI270921v1_alt	KIR2DL2.0030102	KIR2DL2.00304	NA	NA	30	22	53290;56718;56774;56854;56896;58627;58784;67221	1	62107	0.733333
HG02723	2	chr19_KI270921v1_alt	KIR2DL2.0030102	KIR2DL2.008	NA	NA	30	22	53290;56718;56774;56854;58627;66460;66975;67221	1	62107	0.733333
HG02723	2	chr19_KI270921v1_alt	KIR2DL2.0030102	KIR2DL2.012	NA	NA	30	22	53290;56679;56718;56774;56854;58627;58784;67221	1	62107	0.733333
HG02723	2	chr19_KI270921v1_alt	KIR2DL2.0030103	KIR2DL2.00302	NA	NA	30	22	53290;56718;56774;56854;58627;58784;66975;67221	1	62107	0.733333
HG02723	2	chr19_KI270921v1_alt	KIR2DL2.0030103	KIR2DL2.00304	NA	NA	30	22	53290;56718;56774;56854;56896;58627;58784;67221	1	62107	0.733333
HG02723	2	chr19_KI270921v1_alt	KIR2DL2.0030103	KIR2DL2.008	NA	NA	30	22	53290;56718;56774;56854;58627;66460;66975;67221	1	62107	0.733333
HG02723	2	chr19_KI270921v1_alt	KIR2DL2.0030103	KIR2DL2.012	NA	NA	30	22	53290;56679;56718;56774;56854;58627;58784;67221	1	62107	0.733333
HG02723	2	chr19_KI270921v1_alt	KIR2DL2.0030104	KIR2DL2.00302	NA	NA	30	22	53290;56718;56774;56854;58627;58784;66975;67221	1	62107	0.733333
HG02723	2	chr19_KI270921v1_alt	KIR2DL2.0030104	KIR2DL2.00304	NA	NA	30	22	53290;56718;56774;56854;56896;58627;58784;67221	1	62107	0.733333
HG02723	2	chr19_KI270921v1_alt	KIR2DL2.0030104	KIR2DL2.008	NA	NA	30	22	53290;56718;56774;56854;58627;66460;66975;67221	1	62107	0.733333
HG02723	2	chr19_KI270921v1_alt	KIR2DL2.0030104	KIR2DL2.012	NA	NA	30	22	53290;56679;56718;56774;56854;58627;58784;67221	1	62107	0.733333
HG02723	2	chr19_KI270921v1_alt	KIR2DL2.00302	KIR2DL2.00302	NA	NA	30	22	53290;56718;56774;56854;58627;58784;66975;67221	1	62107	0.733333
HG02723	2	chr19_KI270921v1_alt	KIR2DL2.00302	KIR2DL2.00602	NA	NA	30	22	53290;56774;56854;56764;58627;58784;66975;67221	1	62107	0.733333
HG02723	2	chr19_KI270921v1_alt	KIR2DL2.00302	KIR2DL2.008	NA	NA	30	22	53290;56718;56774;56854;58627;66460;66975;67221	1	62107	0.733333
HG02723	2	chr19_KI270921v1_alt	KIR2DL2.00303	KIR2DL2.010	NA	NA	30	22	53290;56718;56774;58627;66460;66975;67101;67221	1	62107	0.733333
HG02723	2	chr19_KI270921v1_alt	KIR2DL2.00303	KIR2DL2.014	NA	NA	30	22	53290;56718;56774;56726;58592;58627;58784;67221	1	62107	0.733333
HG02723	2	chr19_KI270921v1_alt	KIR2DL2.00304	KIR2DL2.00304	NA	NA	30	22	53290;56718;56774;56854;56896;58627;58784;67221	1	62107	0.733333
HG02723	2	chr19_KI270921v1_alt	KIR2DL2.00304	KIR2DL2.00602	NA	NA	30	22	53290;56774;56854;56764;56896;58627;58784;67221	1	62107	0.733333
HG02723	2	chr19_KI270921v1_alt	KIR2DL2.005	KIR2DL2.014	NA	NA	30	22	53290;56718;56774;56854;56726;58592;58627;67221	1	62107	0.733333
HG02723	2	chr19_KI270921v1_alt	KIR2DL2.00601	KIR2DL2.00602	NA	NA	30	22	53290;56718;56774;56854;56764;58627;58784;67221	1	62107	0.733333
HG02723	2	chr19_KI270921v1_alt	KIR2DL2.00601	KIR2DL2.010	NA	NA	30	22	53290;56774;56854;58627;66460;66975;67101;67221	1	62107	0.733333
HG02723	2	chr19_KI270921v1_alt	KIR2DL2.00601	KIR2DL2.014	NA	NA	30	22	53290;56774;56854;56726;58592;58627;58784;67221	1	62107	0.733333
HG02723	2	chr19_KI270921v1_alt	KIR2DL2.00602	KIR2DL2.00602	NA	NA	30	22	53290;56718;56774;56854;56764;58627;58784;67221	1	62107	0.733333
HG02723	2	chr19_KI270921v1_alt	KIR2DL2.00602	KIR2DL2.008	NA	NA	30	22	53290;56774;56854;56764;58627;66460;66975;67221	1	62107	0.733333
HG02723	2	chr19_KI270921v1_alt	KIR2DL2.00602	KIR2DL2.012	NA	NA	30	22	53290;56679;56774;56854;56764;58627;58784;67221	1	62107	0.733333
HG02723	2	chr19_KI270921v1_alt	KIR2DL2.007	KIR2DL2.007	NA	NA	30	22	53290;56718;56774;56854;58627;58784;66422;67221	1	62107	0.733333
HG02723	2	chr19_KI270921v1_alt	KIR2DL2.007	KIR2DL2.014	NA	NA	30	22	53290;56718;56774;56854;56726;58592;58627;66422	1	62107	0.733333
HG02723	2	chr19_KI270921v1_alt	KIR2DL2.009	KIR2DL2.010	NA	NA	30	22	53290;56718;56774;56854;66460;66975;67101;67221	1	62107	0.733333
HG02723	2	chr19_KI270921v1_alt	KIR2DL2.009	KIR2DL2.014	NA	NA	30	22	53290;56718;56774;56854;56726;58592;58784;67221	1	62107	0.733333
HG02723	2	chr19_KI270921v1_alt	KIR2DL2.012	KIR2DL2.012	NA	NA	30	22	53290;56679;56718;56774;56854;58627;58784;67221	1	62107	0.733333
HG02723	2	chr19_KI270921v1_alt	KIR2DL2.014	KIR2DL2.016	NA	NA	30	22	53290;56718;56774;56854;56726;58592;58627;58657	1	62107	0.733333
HG02723	2	chr19_KI270921v1_alt	KIR2DL2.016	KIR2DL2.016	NA	NA	30	22	53290;56718;56774;56854;58627;58657;58784;67221	1	62107	0.733333
HG02723	2	chr19_KI270921v1_alt	KIR2DL2.0010101	KIR2DL2.010	NA	NA	30	21	53290;56718;56774;56854;58627;58784;66460;66975;67101	1	62107	0.700000
HG02723	2	chr19_KI270921v1_alt	KIR2DL2.0010102	KIR2DL2.010	NA	NA	30	21	53290;56718;56774;56854;58627;58784;66460;66975;67101	1	62107	0.700000
HG02723	2	chr19_KI270921v1_alt	KIR2DL2.0010104	KIR2DL2.010	NA	NA	30	21	53290;56718;56774;56854;58627;58784;66460;66975;67101	1	62107	0.700000
HG02723	2	chr19_KI270921v1_alt	KIR2DL2.00102	KIR2DL2.00103	NA	NA	30	21	53290;56718;56774;56854;56911;58627;58784;67220;67221	1	62107	0.700000
HG02723	2	chr19_KI270921v1_alt	KIR2DL2.00102	KIR2DL2.002	NA	NA	30	21	53290;56718;56774;56854;56911;58627;58784;66990;67221	1	62107	0.700000
HG02723	2	chr19_KI270921v1_alt	KIR2DL2.00102	KIR2DL2.007	NA	NA	30	21	53290;56718;56774;56854;56911;58627;58784;66422;67221	1	62107	0.700000
HG02723	2	chr19_KI270921v1_alt	KIR2DL2.00102	KIR2DL2.008	NA	NA	30	21	53290;56718;56774;56854;56911;58627;58784;66460;66975	1	62107	0.700000
HG02723	2	chr19_KI270921v1_alt	KIR2DL2.00102	KIR2DL2.013	NA	NA	30	21	53290;56718;56774;56854;56911;58627;66470;66975;67242	1	62107	0.700000
HG02723	2	chr19_KI270921v1_alt	KIR2DL2.00102	KIR2DL2.016	NA	NA	30	21	53290;56718;56774;56854;56911;58627;58657;58784;67221	1	62107	0.700000
HG02723	2	chr19_KI270921v1_alt	KIR2DL2.00103	KIR2DL2.002	NA	NA	30	21	53290;56718;56774;56854;58627;58784;66990;67220;67221	1	62107	0.700000
HG02723	2	chr19_KI270921v1_alt	KIR2DL2.00103	KIR2DL2.007	NA	NA	30	21	53290;56718;56774;56854;58627;58784;66422;67220;67221	1	62107	0.700000
HG02723	2	chr19_KI270921v1_alt	KIR2DL2.00103	KIR2DL2.008	NA	NA	30	21	53290;56718;56774;56854;58627;58784;66460;66975;67220	1	62107	0.700000
HG02723	2	chr19_KI270921v1_alt	KIR2DL2.00103	KIR2DL2.013	NA	NA	30	21	53290;56718;56774;56854;58627;66470;66975;67220;67242	1	62107	0.700000
HG02723	2	chr19_KI270921v1_alt	KIR2DL2.00103	KIR2DL2.016	NA	NA	30	21	53290;56718;56774;56854;58627;58657;58784;67220;67221	1	62107	0.700000
HG02723	2	chr19_KI270921v1_alt	KIR2DL2.002	KIR2DL2.007	NA	NA	30	21	53290;56718;56774;56854;58627;58784;66422;66990;67221	1	62107	0.700000
HG02723	2	chr19_KI270921v1_alt	KIR2DL2.002	KIR2DL2.008	NA	NA	30	21	53290;56718;56774;56854;58627;58784;66460;66975;66990	1	62107	0.700000
HG02723	2	chr19_KI270921v1_alt	KIR2DL2.002	KIR2DL2.013	NA	NA	30	21	53290;56718;56774;56854;58627;66470;66975;66990;67242	1	62107	0.700000
HG02723	2	chr19_KI270921v1_alt	KIR2DL2.002	KIR2DL2.016	NA	NA	30	21	53290;56718;56774;56854;58627;58657;58784;66990;67221	1	62107	0.700000
HG02723	2	chr19_KI270921v1_alt	KIR2DL2.0030101	KIR2DL2.010	NA	NA	30	21	53290;56718;56774;56854;58627;66460;66975;67101;67221	1	62107	0.700000
HG02723	2	chr19_KI270921v1_alt	KIR2DL2.0030101	KIR2DL2.014	NA	NA	30	21	53290;56718;56774;56854;56726;58592;58627;58784;67221	1	62107	0.700000
HG02723	2	chr19_KI270921v1_alt	KIR2DL2.0030102	KIR2DL2.010	NA	NA	30	21	53290;56718;56774;56854;58627;66460;66975;67101;67221	1	62107	0.700000
HG02723	2	chr19_KI270921v1_alt	KIR2DL2.0030102	KIR2DL2.014	NA	NA	30	21	53290;56718;56774;56854;56726;58592;58627;58784;67221	1	62107	0.700000
HG02723	2	chr19_KI270921v1_alt	KIR2DL2.0030103	KIR2DL2.010	NA	NA	30	21	53290;56718;56774;56854;58627;66460;66975;67101;67221	1	62107	0.700000
HG02723	2	chr19_KI270921v1_alt	KIR2DL2.0030103	KIR2DL2.014	NA	NA	30	21	53290;56718;56774;56854;56726;58592;58627;58784;67221	1	62107	0.700000
HG02723	2	chr19_KI270921v1_alt	KIR2DL2.0030104	KIR2DL2.010	NA	NA	30	21	53290;56718;56774;56854;58627;66460;66975;67101;67221	1	62107	0.700000
HG02723	2	chr19_KI270921v1_alt	KIR2DL2.0030104	KIR2DL2.014	NA	NA	30	21	53290;56718;56774;56854;56726;58592;58627;58784;67221	1	62107	0.700000
HG02723	2	chr19_KI270921v1_alt	KIR2DL2.00302	KIR2DL2.00304	NA	NA	30	21	53290;56718;56774;56854;56896;58627;58784;66975;67221	1	62107	0.700000
HG02723	2	chr19_KI270921v1_alt	KIR2DL2.00302	KIR2DL2.010	NA	NA	30	21	53290;56718;56774;56854;58627;66460;66975;67101;67221	1	62107	0.700000
HG02723	2	chr19_KI270921v1_alt	KIR2DL2.00302	KIR2DL2.012	NA	NA	30	21	53290;56679;56718;56774;56854;58627;58784;66975;67221	1	62107	0.700000
HG02723	2	chr19_KI270921v1_alt	KIR2DL2.00303	KIR2DL2.013	NA	NA	30	21	53290;56718;56774;58627;58784;66470;66975;67221;67242	1	62107	0.700000
HG02723	2	chr19_KI270921v1_alt	KIR2DL2.00304	KIR2DL2.008	NA	NA	30	21	53290;56718;56774;56854;56896;58627;66460;66975;67221	1	62107	0.700000
HG02723	2	chr19_KI270921v1_alt	KIR2DL2.00304	KIR2DL2.012	NA	NA	30	21	53290;56679;56718;56774;56854;56896;58627;58784;67221	1	62107	0.700000
HG02723	2	chr19_KI270921v1_alt	KIR2DL2.005	KIR2DL2.008	NA	NA	30	21	53290;56718;56774;56854;58627;58784;66460;66975;67221	1	62107	0.700000
HG02723	2	chr19_KI270921v1_alt	KIR2DL2.005	KIR2DL2.013	NA	NA	30	21	53290;56718;56774;56854;58627;66470;66975;67221;67242	1	62107	0.700000
HG02723	2	chr19_KI270921v1_alt	KIR2DL2.00601	KIR2DL2.013	NA	NA	30	21	53290;56774;56854;58627;58784;66470;66975;67221;67242	1	62107	0.700000
HG02723	2	chr19_KI270921v1_alt	KIR2DL2.00602	KIR2DL2.010	NA	NA	30	21	53290;56774;56854;56764;58627;66460;66975;67101;67221	1	62107	0.700000
HG02723	2	chr19_KI270921v1_alt	KIR2DL2.00602	KIR2DL2.014	NA	NA	30	21	53290;56774;56854;56726;56764;58592;58627;58784;67221	1	62107	0.700000
HG02723	2	chr19_KI270921v1_alt	KIR2DL2.007	KIR2DL2.008	NA	NA	30	21	53290;56718;56774;56854;58627;58784;66422;66460;66975	1	62107	0.700000
HG02723	2	chr19_KI270921v1_alt	KIR2DL2.007	KIR2DL2.013	NA	NA	30	21	53290;56718;56774;56854;58627;66422;66470;66975;67242	1	62107	0.700000
HG02723	2	chr19_KI270921v1_alt	KIR2DL2.007	KIR2DL2.016	NA	NA	30	21	53290;56718;56774;56854;58627;58657;58784;66422;67221	1	62107	0.700000
HG02723	2	chr19_KI270921v1_alt	KIR2DL2.008	KIR2DL2.008	NA	NA	30	21	53290;56718;56774;56854;58627;58784;66460;66975;67221	1	62107	0.700000
HG02723	2	chr19_KI270921v1_alt	KIR2DL2.008	KIR2DL2.012	NA	NA	30	21	53290;56679;56718;56774;56854;58627;66460;66975;67221	1	62107	0.700000
HG02723	2	chr19_KI270921v1_alt	KIR2DL2.008	KIR2DL2.016	NA	NA	30	21	53290;56718;56774;56854;58627;58657;58784;66460;66975	1	62107	0.700000
HG02723	2	chr19_KI270921v1_alt	KIR2DL2.009	KIR2DL2.013	NA	NA	30	21	53290;56718;56774;56854;58784;66470;66975;67221;67242	1	62107	0.700000
HG02723	2	chr19_KI270921v1_alt	KIR2DL2.013	KIR2DL2.016	NA	NA	30	21	53290;56718;56774;56854;58627;58657;66470;66975;67242	1	62107	0.700000
HG02723	2	chr19_KI270921v1_alt	KIR2DL2.014	KIR2DL2.014	NA	NA	30	21	53290;56718;56774;56854;56726;58592;58627;58784;67221	1	62107	0.700000
HG02723	2	chr19_KI270921v1_alt	KIR2DL2.00102	KIR2DL2.010	NA	NA	30	20	53290;56718;56774;56854;56911;58627;58784;66460;66975;67101	1	62107	0.666667
HG02723	2	chr19_KI270921v1_alt	KIR2DL2.00103	KIR2DL2.010	NA	NA	30	20	53290;56718;56774;56854;58627;58784;66460;66975;67101;67220	1	62107	0.666667
HG02723	2	chr19_KI270921v1_alt	KIR2DL2.002	KIR2DL2.010	NA	NA	30	20	53290;56718;56774;56854;58627;58784;66460;66975;66990;67101	1	62107	0.666667
HG02723	2	chr19_KI270921v1_alt	KIR2DL2.0030101	KIR2DL2.013	NA	NA	30	20	53290;56718;56774;56854;58627;58784;66470;66975;67221;67242	1	62107	0.666667
HG02723	2	chr19_KI270921v1_alt	KIR2DL2.0030102	KIR2DL2.013	NA	NA	30	20	53290;56718;56774;56854;58627;58784;66470;66975;67221;67242	1	62107	0.666667
HG02723	2	chr19_KI270921v1_alt	KIR2DL2.0030103	KIR2DL2.013	NA	NA	30	20	53290;56718;56774;56854;58627;58784;66470;66975;67221;67242	1	62107	0.666667
HG02723	2	chr19_KI270921v1_alt	KIR2DL2.0030104	KIR2DL2.013	NA	NA	30	20	53290;56718;56774;56854;58627;58784;66470;66975;67221;67242	1	62107	0.666667
HG02723	2	chr19_KI270921v1_alt	KIR2DL2.00302	KIR2DL2.013	NA	NA	30	20	53290;56718;56774;56854;58627;58784;66470;66975;67221;67242	1	62107	0.666667
HG02723	2	chr19_KI270921v1_alt	KIR2DL2.00302	KIR2DL2.014	NA	NA	30	20	53290;56718;56774;56854;56726;58592;58627;58784;66975;67221	1	62107	0.666667
HG02723	2	chr19_KI270921v1_alt	KIR2DL2.00304	KIR2DL2.010	NA	NA	30	20	53290;56718;56774;56854;56896;58627;66460;66975;67101;67221	1	62107	0.666667
HG02723	2	chr19_KI270921v1_alt	KIR2DL2.00304	KIR2DL2.014	NA	NA	30	20	53290;56718;56774;56854;56726;56896;58592;58627;58784;67221	1	62107	0.666667
HG02723	2	chr19_KI270921v1_alt	KIR2DL2.005	KIR2DL2.010	NA	NA	30	20	53290;56718;56774;56854;58627;58784;66460;66975;67101;67221	1	62107	0.666667
HG02723	2	chr19_KI270921v1_alt	KIR2DL2.00602	KIR2DL2.013	NA	NA	30	20	53290;56774;56854;56764;58627;58784;66470;66975;67221;67242	1	62107	0.666667
HG02723	2	chr19_KI270921v1_alt	KIR2DL2.007	KIR2DL2.010	NA	NA	30	20	53290;56718;56774;56854;58627;58784;66422;66460;66975;67101	1	62107	0.666667
HG02723	2	chr19_KI270921v1_alt	KIR2DL2.008	KIR2DL2.010	NA	NA	30	20	53290;56718;56774;56854;58627;58784;66460;66975;67101;67221	1	62107	0.666667
HG02723	2	chr19_KI270921v1_alt	KIR2DL2.008	KIR2DL2.013	NA	NA	30	20	53290;56718;56774;56854;58627;66460;66470;66975;67221;67242	1	62107	0.666667
HG02723	2	chr19_KI270921v1_alt	KIR2DL2.008	KIR2DL2.014	NA	NA	30	20	53290;56718;56774;56854;56726;58592;58627;66460;66975;67221	1	62107	0.666667
HG02723	2	chr19_KI270921v1_alt	KIR2DL2.010	KIR2DL2.010	NA	NA	30	20	53290;56718;56774;56854;58627;58784;66460;66975;67101;67221	1	62107	0.666667
HG02723	2	chr19_KI270921v1_alt	KIR2DL2.010	KIR2DL2.012	NA	NA	30	20	53290;56679;56718;56774;56854;58627;66460;66975;67101;67221	1	62107	0.666667
HG02723	2	chr19_KI270921v1_alt	KIR2DL2.010	KIR2DL2.016	NA	NA	30	20	53290;56718;56774;56854;58627;58657;58784;66460;66975;67101	1	62107	0.666667
HG02723	2	chr19_KI270921v1_alt	KIR2DL2.012	KIR2DL2.014	NA	NA	30	20	53290;56679;56718;56774;56854;56726;58592;58627;58784;67221	1	62107	0.666667
HG02723	2	chr19_KI270921v1_alt	KIR2DL2.013	KIR2DL2.013	NA	NA	30	20	53290;56718;56774;56854;58627;58784;66470;66975;67221;67242	1	62107	0.666667
HG02723	2	chr19_KI270921v1_alt	KIR2DL2.00304	KIR2DL2.013	NA	NA	30	19	53290;56718;56774;56854;56896;58627;58784;66470;66975;67221;67242	1	62107	0.633333
HG02723	2	chr19_KI270921v1_alt	KIR2DL2.010	KIR2DL2.013	NA	NA	30	19	53290;56718;56774;56854;58627;66460;66470;66975;67101;67221;67242	1	62107	0.633333
HG02723	2	chr19_KI270921v1_alt	KIR2DL2.010	KIR2DL2.014	NA	NA	30	19	53290;56718;56774;56854;56726;58592;58627;66460;66975;67101;67221	1	62107	0.633333
HG02723	2	chr19_KI270921v1_alt	KIR2DL2.012	KIR2DL2.013	NA	NA	30	19	53290;56679;56718;56774;56854;58627;58784;66470;66975;67221;67242	1	62107	0.633333
HG02723	2	chr19_KI270921v1_alt	KIR2DL2.013	KIR2DL2.014	NA	NA	30	18	53290;56718;56774;56854;56726;58592;58627;58784;66470;66975;67221;67242	1	62107	0.600000
