Sample	Copy_number	Chr	Allele_A	Allele_B	Allele_C	Allele_D	Tested_genotypes	Valid_genotypes	Error_list	Missed_genotypes	Missed_list	Ratio
HG00735	2	chr19_KI270921v1_alt	KIR2DL2.0010101	KIR2DL2.0010101	NA	NA	27	27	none	7	66470;67101;67174;67220;67221;67234;67242	1.000000
HG00735	2	chr19_KI270921v1_alt	KIR2DL2.0010101	KIR2DL2.0010102	NA	NA	27	27	none	7	66470;67101;67174;67220;67221;67234;67242	1.000000
HG00735	2	chr19_KI270921v1_alt	KIR2DL2.0010101	KIR2DL2.0010104	NA	NA	27	27	none	7	66470;67101;67174;67220;67221;67234;67242	1.000000
HG00735	2	chr19_KI270921v1_alt	KIR2DL2.0010101	KIR2DL2.00103	NA	NA	27	27	none	7	66470;67101;67174;67220;67221;67234;67242	1.000000
HG00735	2	chr19_KI270921v1_alt	KIR2DL2.0010101	KIR2DL2.005	NA	NA	27	27	none	7	66470;67101;67174;67220;67221;67234;67242	1.000000
HG00735	2	chr19_KI270921v1_alt	KIR2DL2.0010102	KIR2DL2.0010102	NA	NA	27	27	none	7	66470;67101;67174;67220;67221;67234;67242	1.000000
HG00735	2	chr19_KI270921v1_alt	KIR2DL2.0010102	KIR2DL2.0010104	NA	NA	27	27	none	7	66470;67101;67174;67220;67221;67234;67242	1.000000
HG00735	2	chr19_KI270921v1_alt	KIR2DL2.0010102	KIR2DL2.00103	NA	NA	27	27	none	7	66470;67101;67174;67220;67221;67234;67242	1.000000
HG00735	2	chr19_KI270921v1_alt	KIR2DL2.0010102	KIR2DL2.005	NA	NA	27	27	none	7	66470;67101;67174;67220;67221;67234;67242	1.000000
HG00735	2	chr19_KI270921v1_alt	KIR2DL2.0010104	KIR2DL2.0010104	NA	NA	27	27	none	7	66470;67101;67174;67220;67221;67234;67242	1.000000
HG00735	2	chr19_KI270921v1_alt	KIR2DL2.0010104	KIR2DL2.00103	NA	NA	27	27	none	7	66470;67101;67174;67220;67221;67234;67242	1.000000
HG00735	2	chr19_KI270921v1_alt	KIR2DL2.0010104	KIR2DL2.005	NA	NA	27	27	none	7	66470;67101;67174;67220;67221;67234;67242	1.000000
HG00735	2	chr19_KI270921v1_alt	KIR2DL2.00103	KIR2DL2.005	NA	NA	27	27	none	7	66470;67101;67174;67220;67221;67234;67242	1.000000
HG00735	2	chr19_KI270921v1_alt	KIR2DL2.0010101	KIR2DL2.00102	NA	NA	27	26	56911	7	66470;67101;67174;67220;67221;67234;67242	0.962963
HG00735	2	chr19_KI270921v1_alt	KIR2DL2.0010101	KIR2DL2.002	NA	NA	27	26	66990	7	66470;67101;67174;67220;67221;67234;67242	0.962963
HG00735	2	chr19_KI270921v1_alt	KIR2DL2.0010101	KIR2DL2.0030101	NA	NA	27	26	58784	7	66470;67101;67174;67220;67221;67234;67242	0.962963
HG00735	2	chr19_KI270921v1_alt	KIR2DL2.0010101	KIR2DL2.0030102	NA	NA	27	26	58784	7	66470;67101;67174;67220;67221;67234;67242	0.962963
HG00735	2	chr19_KI270921v1_alt	KIR2DL2.0010101	KIR2DL2.0030103	NA	NA	27	26	58784	7	66470;67101;67174;67220;67221;67234;67242	0.962963
HG00735	2	chr19_KI270921v1_alt	KIR2DL2.0010101	KIR2DL2.0030104	NA	NA	27	26	58784	7	66470;67101;67174;67220;67221;67234;67242	0.962963
HG00735	2	chr19_KI270921v1_alt	KIR2DL2.0010101	KIR2DL2.007	NA	NA	27	26	66422	7	66470;67101;67174;67220;67221;67234;67242	0.962963
HG00735	2	chr19_KI270921v1_alt	KIR2DL2.0010101	KIR2DL2.016	NA	NA	27	26	58657	7	66470;67101;67174;67220;67221;67234;67242	0.962963
HG00735	2	chr19_KI270921v1_alt	KIR2DL2.0010102	KIR2DL2.00102	NA	NA	27	26	56911	7	66470;67101;67174;67220;67221;67234;67242	0.962963
HG00735	2	chr19_KI270921v1_alt	KIR2DL2.0010102	KIR2DL2.002	NA	NA	27	26	66990	7	66470;67101;67174;67220;67221;67234;67242	0.962963
HG00735	2	chr19_KI270921v1_alt	KIR2DL2.0010102	KIR2DL2.0030101	NA	NA	27	26	58784	7	66470;67101;67174;67220;67221;67234;67242	0.962963
HG00735	2	chr19_KI270921v1_alt	KIR2DL2.0010102	KIR2DL2.0030102	NA	NA	27	26	58784	7	66470;67101;67174;67220;67221;67234;67242	0.962963
HG00735	2	chr19_KI270921v1_alt	KIR2DL2.0010102	KIR2DL2.0030103	NA	NA	27	26	58784	7	66470;67101;67174;67220;67221;67234;67242	0.962963
HG00735	2	chr19_KI270921v1_alt	KIR2DL2.0010102	KIR2DL2.0030104	NA	NA	27	26	58784	7	66470;67101;67174;67220;67221;67234;67242	0.962963
HG00735	2	chr19_KI270921v1_alt	KIR2DL2.0010102	KIR2DL2.007	NA	NA	27	26	66422	7	66470;67101;67174;67220;67221;67234;67242	0.962963
HG00735	2	chr19_KI270921v1_alt	KIR2DL2.0010102	KIR2DL2.016	NA	NA	27	26	58657	7	66470;67101;67174;67220;67221;67234;67242	0.962963
HG00735	2	chr19_KI270921v1_alt	KIR2DL2.0010104	KIR2DL2.00102	NA	NA	27	26	56911	7	66470;67101;67174;67220;67221;67234;67242	0.962963
HG00735	2	chr19_KI270921v1_alt	KIR2DL2.0010104	KIR2DL2.002	NA	NA	27	26	66990	7	66470;67101;67174;67220;67221;67234;67242	0.962963
HG00735	2	chr19_KI270921v1_alt	KIR2DL2.0010104	KIR2DL2.0030101	NA	NA	27	26	58784	7	66470;67101;67174;67220;67221;67234;67242	0.962963
HG00735	2	chr19_KI270921v1_alt	KIR2DL2.0010104	KIR2DL2.0030102	NA	NA	27	26	58784	7	66470;67101;67174;67220;67221;67234;67242	0.962963
HG00735	2	chr19_KI270921v1_alt	KIR2DL2.0010104	KIR2DL2.0030103	NA	NA	27	26	58784	7	66470;67101;67174;67220;67221;67234;67242	0.962963
HG00735	2	chr19_KI270921v1_alt	KIR2DL2.0010104	KIR2DL2.0030104	NA	NA	27	26	58784	7	66470;67101;67174;67220;67221;67234;67242	0.962963
HG00735	2	chr19_KI270921v1_alt	KIR2DL2.0010104	KIR2DL2.007	NA	NA	27	26	66422	7	66470;67101;67174;67220;67221;67234;67242	0.962963
HG00735	2	chr19_KI270921v1_alt	KIR2DL2.0010104	KIR2DL2.016	NA	NA	27	26	58657	7	66470;67101;67174;67220;67221;67234;67242	0.962963
HG00735	2	chr19_KI270921v1_alt	KIR2DL2.00102	KIR2DL2.00102	NA	NA	27	26	56911	7	66470;67101;67174;67220;67221;67234;67242	0.962963
HG00735	2	chr19_KI270921v1_alt	KIR2DL2.00102	KIR2DL2.00103	NA	NA	27	26	56911	7	66470;67101;67174;67220;67221;67234;67242	0.962963
HG00735	2	chr19_KI270921v1_alt	KIR2DL2.00102	KIR2DL2.005	NA	NA	27	26	56911	7	66470;67101;67174;67220;67221;67234;67242	0.962963
HG00735	2	chr19_KI270921v1_alt	KIR2DL2.00103	KIR2DL2.00103	NA	NA	27	26	67220	7	66470;67101;67174;67220;67221;67234;67242	0.962963
HG00735	2	chr19_KI270921v1_alt	KIR2DL2.00103	KIR2DL2.002	NA	NA	27	26	66990	7	66470;67101;67174;67220;67221;67234;67242	0.962963
HG00735	2	chr19_KI270921v1_alt	KIR2DL2.00103	KIR2DL2.0030101	NA	NA	27	26	58784	7	66470;67101;67174;67220;67221;67234;67242	0.962963
HG00735	2	chr19_KI270921v1_alt	KIR2DL2.00103	KIR2DL2.0030102	NA	NA	27	26	58784	7	66470;67101;67174;67220;67221;67234;67242	0.962963
HG00735	2	chr19_KI270921v1_alt	KIR2DL2.00103	KIR2DL2.0030103	NA	NA	27	26	58784	7	66470;67101;67174;67220;67221;67234;67242	0.962963
HG00735	2	chr19_KI270921v1_alt	KIR2DL2.00103	KIR2DL2.0030104	NA	NA	27	26	58784	7	66470;67101;67174;67220;67221;67234;67242	0.962963
HG00735	2	chr19_KI270921v1_alt	KIR2DL2.00103	KIR2DL2.007	NA	NA	27	26	66422	7	66470;67101;67174;67220;67221;67234;67242	0.962963
HG00735	2	chr19_KI270921v1_alt	KIR2DL2.00103	KIR2DL2.016	NA	NA	27	26	58657	7	66470;67101;67174;67220;67221;67234;67242	0.962963
HG00735	2	chr19_KI270921v1_alt	KIR2DL2.002	KIR2DL2.002	NA	NA	27	26	66990	7	66470;67101;67174;67220;67221;67234;67242	0.962963
HG00735	2	chr19_KI270921v1_alt	KIR2DL2.002	KIR2DL2.005	NA	NA	27	26	66990	7	66470;67101;67174;67220;67221;67234;67242	0.962963
HG00735	2	chr19_KI270921v1_alt	KIR2DL2.005	KIR2DL2.005	NA	NA	27	26	67221	7	66470;67101;67174;67220;67221;67234;67242	0.962963
HG00735	2	chr19_KI270921v1_alt	KIR2DL2.005	KIR2DL2.007	NA	NA	27	26	66422	7	66470;67101;67174;67220;67221;67234;67242	0.962963
HG00735	2	chr19_KI270921v1_alt	KIR2DL2.005	KIR2DL2.016	NA	NA	27	26	58657	7	66470;67101;67174;67220;67221;67234;67242	0.962963
HG00735	2	chr19_KI270921v1_alt	KIR2DL2.007	KIR2DL2.007	NA	NA	27	26	66422	7	66470;67101;67174;67220;67221;67234;67242	0.962963
HG00735	2	chr19_KI270921v1_alt	KIR2DL2.016	KIR2DL2.016	NA	NA	27	26	58657	7	66470;67101;67174;67220;67221;67234;67242	0.962963
HG00735	2	chr19_KI270921v1_alt	KIR2DL2.0010101	KIR2DL2.00302	NA	NA	27	25	58784;66975	7	66470;67101;67174;67220;67221;67234;67242	0.925926
HG00735	2	chr19_KI270921v1_alt	KIR2DL2.0010101	KIR2DL2.00303	NA	NA	27	25	56854;58784	7	66470;67101;67174;67220;67221;67234;67242	0.925926
HG00735	2	chr19_KI270921v1_alt	KIR2DL2.0010101	KIR2DL2.00304	NA	NA	27	25	56896;58784	7	66470;67101;67174;67220;67221;67234;67242	0.925926
HG00735	2	chr19_KI270921v1_alt	KIR2DL2.0010101	KIR2DL2.00601	NA	NA	27	25	56718;58784	7	66470;67101;67174;67220;67221;67234;67242	0.925926
HG00735	2	chr19_KI270921v1_alt	KIR2DL2.0010101	KIR2DL2.008	NA	NA	27	25	66460;66975	7	66470;67101;67174;67220;67221;67234;67242	0.925926
HG00735	2	chr19_KI270921v1_alt	KIR2DL2.0010101	KIR2DL2.009	NA	NA	27	25	58627;58784	7	66470;67101;67174;67220;67221;67234;67242	0.925926
HG00735	2	chr19_KI270921v1_alt	KIR2DL2.0010101	KIR2DL2.010	NA	NA	27	25	66460;66975	7	66470;67101;67174;67220;67221;67234;67242	0.925926
HG00735	2	chr19_KI270921v1_alt	KIR2DL2.0010101	KIR2DL2.012	NA	NA	27	25	56679;58784	7	66470;67101;67174;67220;67221;67234;67242	0.925926
HG00735	2	chr19_KI270921v1_alt	KIR2DL2.0010101	KIR2DL2.013	NA	NA	27	25	58784;66975	7	66470;67101;67174;67220;67221;67234;67242	0.925926
HG00735	2	chr19_KI270921v1_alt	KIR2DL2.0010102	KIR2DL2.00302	NA	NA	27	25	58784;66975	7	66470;67101;67174;67220;67221;67234;67242	0.925926
HG00735	2	chr19_KI270921v1_alt	KIR2DL2.0010102	KIR2DL2.00303	NA	NA	27	25	56854;58784	7	66470;67101;67174;67220;67221;67234;67242	0.925926
HG00735	2	chr19_KI270921v1_alt	KIR2DL2.0010102	KIR2DL2.00304	NA	NA	27	25	56896;58784	7	66470;67101;67174;67220;67221;67234;67242	0.925926
HG00735	2	chr19_KI270921v1_alt	KIR2DL2.0010102	KIR2DL2.00601	NA	NA	27	25	56718;58784	7	66470;67101;67174;67220;67221;67234;67242	0.925926
HG00735	2	chr19_KI270921v1_alt	KIR2DL2.0010102	KIR2DL2.008	NA	NA	27	25	66460;66975	7	66470;67101;67174;67220;67221;67234;67242	0.925926
HG00735	2	chr19_KI270921v1_alt	KIR2DL2.0010102	KIR2DL2.009	NA	NA	27	25	58627;58784	7	66470;67101;67174;67220;67221;67234;67242	0.925926
HG00735	2	chr19_KI270921v1_alt	KIR2DL2.0010102	KIR2DL2.010	NA	NA	27	25	66460;66975	7	66470;67101;67174;67220;67221;67234;67242	0.925926
HG00735	2	chr19_KI270921v1_alt	KIR2DL2.0010102	KIR2DL2.012	NA	NA	27	25	56679;58784	7	66470;67101;67174;67220;67221;67234;67242	0.925926
HG00735	2	chr19_KI270921v1_alt	KIR2DL2.0010102	KIR2DL2.013	NA	NA	27	25	58784;66975	7	66470;67101;67174;67220;67221;67234;67242	0.925926
HG00735	2	chr19_KI270921v1_alt	KIR2DL2.0010104	KIR2DL2.00302	NA	NA	27	25	58784;66975	7	66470;67101;67174;67220;67221;67234;67242	0.925926
HG00735	2	chr19_KI270921v1_alt	KIR2DL2.0010104	KIR2DL2.00303	NA	NA	27	25	56854;58784	7	66470;67101;67174;67220;67221;67234;67242	0.925926
HG00735	2	chr19_KI270921v1_alt	KIR2DL2.0010104	KIR2DL2.00304	NA	NA	27	25	56896;58784	7	66470;67101;67174;67220;67221;67234;67242	0.925926
HG00735	2	chr19_KI270921v1_alt	KIR2DL2.0010104	KIR2DL2.00601	NA	NA	27	25	56718;58784	7	66470;67101;67174;67220;67221;67234;67242	0.925926
HG00735	2	chr19_KI270921v1_alt	KIR2DL2.0010104	KIR2DL2.008	NA	NA	27	25	66460;66975	7	66470;67101;67174;67220;67221;67234;67242	0.925926
HG00735	2	chr19_KI270921v1_alt	KIR2DL2.0010104	KIR2DL2.009	NA	NA	27	25	58627;58784	7	66470;67101;67174;67220;67221;67234;67242	0.925926
HG00735	2	chr19_KI270921v1_alt	KIR2DL2.0010104	KIR2DL2.010	NA	NA	27	25	66460;66975	7	66470;67101;67174;67220;67221;67234;67242	0.925926
HG00735	2	chr19_KI270921v1_alt	KIR2DL2.0010104	KIR2DL2.012	NA	NA	27	25	56679;58784	7	66470;67101;67174;67220;67221;67234;67242	0.925926
HG00735	2	chr19_KI270921v1_alt	KIR2DL2.0010104	KIR2DL2.013	NA	NA	27	25	58784;66975	7	66470;67101;67174;67220;67221;67234;67242	0.925926
HG00735	2	chr19_KI270921v1_alt	KIR2DL2.00102	KIR2DL2.002	NA	NA	27	25	56911;66990	7	66470;67101;67174;67220;67221;67234;67242	0.925926
HG00735	2	chr19_KI270921v1_alt	KIR2DL2.00102	KIR2DL2.0030101	NA	NA	27	25	56911;58784	7	66470;67101;67174;67220;67221;67234;67242	0.925926
HG00735	2	chr19_KI270921v1_alt	KIR2DL2.00102	KIR2DL2.0030102	NA	NA	27	25	56911;58784	7	66470;67101;67174;67220;67221;67234;67242	0.925926
HG00735	2	chr19_KI270921v1_alt	KIR2DL2.00102	KIR2DL2.0030103	NA	NA	27	25	56911;58784	7	66470;67101;67174;67220;67221;67234;67242	0.925926
HG00735	2	chr19_KI270921v1_alt	KIR2DL2.00102	KIR2DL2.0030104	NA	NA	27	25	56911;58784	7	66470;67101;67174;67220;67221;67234;67242	0.925926
HG00735	2	chr19_KI270921v1_alt	KIR2DL2.00102	KIR2DL2.007	NA	NA	27	25	56911;66422	7	66470;67101;67174;67220;67221;67234;67242	0.925926
HG00735	2	chr19_KI270921v1_alt	KIR2DL2.00102	KIR2DL2.016	NA	NA	27	25	56911;58657	7	66470;67101;67174;67220;67221;67234;67242	0.925926
HG00735	2	chr19_KI270921v1_alt	KIR2DL2.00103	KIR2DL2.00302	NA	NA	27	25	58784;66975	7	66470;67101;67174;67220;67221;67234;67242	0.925926
HG00735	2	chr19_KI270921v1_alt	KIR2DL2.00103	KIR2DL2.00303	NA	NA	27	25	56854;58784	7	66470;67101;67174;67220;67221;67234;67242	0.925926
HG00735	2	chr19_KI270921v1_alt	KIR2DL2.00103	KIR2DL2.00304	NA	NA	27	25	56896;58784	7	66470;67101;67174;67220;67221;67234;67242	0.925926
HG00735	2	chr19_KI270921v1_alt	KIR2DL2.00103	KIR2DL2.00601	NA	NA	27	25	56718;58784	7	66470;67101;67174;67220;67221;67234;67242	0.925926
HG00735	2	chr19_KI270921v1_alt	KIR2DL2.00103	KIR2DL2.008	NA	NA	27	25	66460;66975	7	66470;67101;67174;67220;67221;67234;67242	0.925926
HG00735	2	chr19_KI270921v1_alt	KIR2DL2.00103	KIR2DL2.009	NA	NA	27	25	58627;58784	7	66470;67101;67174;67220;67221;67234;67242	0.925926
HG00735	2	chr19_KI270921v1_alt	KIR2DL2.00103	KIR2DL2.010	NA	NA	27	25	66460;66975	7	66470;67101;67174;67220;67221;67234;67242	0.925926
HG00735	2	chr19_KI270921v1_alt	KIR2DL2.00103	KIR2DL2.012	NA	NA	27	25	56679;58784	7	66470;67101;67174;67220;67221;67234;67242	0.925926
HG00735	2	chr19_KI270921v1_alt	KIR2DL2.00103	KIR2DL2.013	NA	NA	27	25	58784;66975	7	66470;67101;67174;67220;67221;67234;67242	0.925926
HG00735	2	chr19_KI270921v1_alt	KIR2DL2.002	KIR2DL2.0030101	NA	NA	27	25	58784;66990	7	66470;67101;67174;67220;67221;67234;67242	0.925926
HG00735	2	chr19_KI270921v1_alt	KIR2DL2.002	KIR2DL2.0030102	NA	NA	27	25	58784;66990	7	66470;67101;67174;67220;67221;67234;67242	0.925926
HG00735	2	chr19_KI270921v1_alt	KIR2DL2.002	KIR2DL2.0030103	NA	NA	27	25	58784;66990	7	66470;67101;67174;67220;67221;67234;67242	0.925926
HG00735	2	chr19_KI270921v1_alt	KIR2DL2.002	KIR2DL2.0030104	NA	NA	27	25	58784;66990	7	66470;67101;67174;67220;67221;67234;67242	0.925926
HG00735	2	chr19_KI270921v1_alt	KIR2DL2.002	KIR2DL2.007	NA	NA	27	25	66422;66990	7	66470;67101;67174;67220;67221;67234;67242	0.925926
HG00735	2	chr19_KI270921v1_alt	KIR2DL2.002	KIR2DL2.016	NA	NA	27	25	58657;66990	7	66470;67101;67174;67220;67221;67234;67242	0.925926
HG00735	2	chr19_KI270921v1_alt	KIR2DL2.0030101	KIR2DL2.0030101	NA	NA	27	25	58784;67221	7	66470;67101;67174;67220;67221;67234;67242	0.925926
HG00735	2	chr19_KI270921v1_alt	KIR2DL2.0030101	KIR2DL2.0030102	NA	NA	27	25	58784;67221	7	66470;67101;67174;67220;67221;67234;67242	0.925926
HG00735	2	chr19_KI270921v1_alt	KIR2DL2.0030101	KIR2DL2.0030103	NA	NA	27	25	58784;67221	7	66470;67101;67174;67220;67221;67234;67242	0.925926
HG00735	2	chr19_KI270921v1_alt	KIR2DL2.0030101	KIR2DL2.0030104	NA	NA	27	25	58784;67221	7	66470;67101;67174;67220;67221;67234;67242	0.925926
HG00735	2	chr19_KI270921v1_alt	KIR2DL2.0030101	KIR2DL2.005	NA	NA	27	25	58784;67221	7	66470;67101;67174;67220;67221;67234;67242	0.925926
HG00735	2	chr19_KI270921v1_alt	KIR2DL2.0030101	KIR2DL2.007	NA	NA	27	25	58784;66422	7	66470;67101;67174;67220;67221;67234;67242	0.925926
HG00735	2	chr19_KI270921v1_alt	KIR2DL2.0030101	KIR2DL2.016	NA	NA	27	25	58657;58784	7	66470;67101;67174;67220;67221;67234;67242	0.925926
HG00735	2	chr19_KI270921v1_alt	KIR2DL2.0030102	KIR2DL2.0030102	NA	NA	27	25	58784;67221	7	66470;67101;67174;67220;67221;67234;67242	0.925926
HG00735	2	chr19_KI270921v1_alt	KIR2DL2.0030102	KIR2DL2.0030103	NA	NA	27	25	58784;67221	7	66470;67101;67174;67220;67221;67234;67242	0.925926
HG00735	2	chr19_KI270921v1_alt	KIR2DL2.0030102	KIR2DL2.0030104	NA	NA	27	25	58784;67221	7	66470;67101;67174;67220;67221;67234;67242	0.925926
HG00735	2	chr19_KI270921v1_alt	KIR2DL2.0030102	KIR2DL2.005	NA	NA	27	25	58784;67221	7	66470;67101;67174;67220;67221;67234;67242	0.925926
HG00735	2	chr19_KI270921v1_alt	KIR2DL2.0030102	KIR2DL2.007	NA	NA	27	25	58784;66422	7	66470;67101;67174;67220;67221;67234;67242	0.925926
HG00735	2	chr19_KI270921v1_alt	KIR2DL2.0030102	KIR2DL2.016	NA	NA	27	25	58657;58784	7	66470;67101;67174;67220;67221;67234;67242	0.925926
HG00735	2	chr19_KI270921v1_alt	KIR2DL2.0030103	KIR2DL2.0030103	NA	NA	27	25	58784;67221	7	66470;67101;67174;67220;67221;67234;67242	0.925926
HG00735	2	chr19_KI270921v1_alt	KIR2DL2.0030103	KIR2DL2.0030104	NA	NA	27	25	58784;67221	7	66470;67101;67174;67220;67221;67234;67242	0.925926
HG00735	2	chr19_KI270921v1_alt	KIR2DL2.0030103	KIR2DL2.005	NA	NA	27	25	58784;67221	7	66470;67101;67174;67220;67221;67234;67242	0.925926
HG00735	2	chr19_KI270921v1_alt	KIR2DL2.0030103	KIR2DL2.007	NA	NA	27	25	58784;66422	7	66470;67101;67174;67220;67221;67234;67242	0.925926
HG00735	2	chr19_KI270921v1_alt	KIR2DL2.0030103	KIR2DL2.016	NA	NA	27	25	58657;58784	7	66470;67101;67174;67220;67221;67234;67242	0.925926
HG00735	2	chr19_KI270921v1_alt	KIR2DL2.0030104	KIR2DL2.0030104	NA	NA	27	25	58784;67221	7	66470;67101;67174;67220;67221;67234;67242	0.925926
HG00735	2	chr19_KI270921v1_alt	KIR2DL2.0030104	KIR2DL2.005	NA	NA	27	25	58784;67221	7	66470;67101;67174;67220;67221;67234;67242	0.925926
HG00735	2	chr19_KI270921v1_alt	KIR2DL2.0030104	KIR2DL2.007	NA	NA	27	25	58784;66422	7	66470;67101;67174;67220;67221;67234;67242	0.925926
HG00735	2	chr19_KI270921v1_alt	KIR2DL2.0030104	KIR2DL2.016	NA	NA	27	25	58657;58784	7	66470;67101;67174;67220;67221;67234;67242	0.925926
HG00735	2	chr19_KI270921v1_alt	KIR2DL2.007	KIR2DL2.016	NA	NA	27	25	58657;66422	7	66470;67101;67174;67220;67221;67234;67242	0.925926
HG00735	2	chr19_KI270921v1_alt	KIR2DL2.0010101	KIR2DL2.00602	NA	NA	27	24	56718;56764;58784	7	66470;67101;67174;67220;67221;67234;67242	0.888889
HG00735	2	chr19_KI270921v1_alt	KIR2DL2.0010101	KIR2DL2.014	NA	NA	27	24	56726;58592;58784	7	66470;67101;67174;67220;67221;67234;67242	0.888889
HG00735	2	chr19_KI270921v1_alt	KIR2DL2.0010101	KIR2DL2.015	NA	NA	27	24	56718;56854;58627	7	66470;67101;67174;67220;67221;67234;67242	0.888889
HG00735	2	chr19_KI270921v1_alt	KIR2DL2.0010102	KIR2DL2.00602	NA	NA	27	24	56718;56764;58784	7	66470;67101;67174;67220;67221;67234;67242	0.888889
HG00735	2	chr19_KI270921v1_alt	KIR2DL2.0010102	KIR2DL2.014	NA	NA	27	24	56726;58592;58784	7	66470;67101;67174;67220;67221;67234;67242	0.888889
HG00735	2	chr19_KI270921v1_alt	KIR2DL2.0010102	KIR2DL2.015	NA	NA	27	24	56718;56854;58627	7	66470;67101;67174;67220;67221;67234;67242	0.888889
HG00735	2	chr19_KI270921v1_alt	KIR2DL2.0010104	KIR2DL2.00602	NA	NA	27	24	56718;56764;58784	7	66470;67101;67174;67220;67221;67234;67242	0.888889
HG00735	2	chr19_KI270921v1_alt	KIR2DL2.0010104	KIR2DL2.014	NA	NA	27	24	56726;58592;58784	7	66470;67101;67174;67220;67221;67234;67242	0.888889
HG00735	2	chr19_KI270921v1_alt	KIR2DL2.0010104	KIR2DL2.015	NA	NA	27	24	56718;56854;58627	7	66470;67101;67174;67220;67221;67234;67242	0.888889
HG00735	2	chr19_KI270921v1_alt	KIR2DL2.00102	KIR2DL2.00302	NA	NA	27	24	56911;58784;66975	7	66470;67101;67174;67220;67221;67234;67242	0.888889
HG00735	2	chr19_KI270921v1_alt	KIR2DL2.00102	KIR2DL2.00303	NA	NA	27	24	56854;56911;58784	7	66470;67101;67174;67220;67221;67234;67242	0.888889
HG00735	2	chr19_KI270921v1_alt	KIR2DL2.00102	KIR2DL2.00304	NA	NA	27	24	56896;56911;58784	7	66470;67101;67174;67220;67221;67234;67242	0.888889
HG00735	2	chr19_KI270921v1_alt	KIR2DL2.00102	KIR2DL2.00601	NA	NA	27	24	56718;56911;58784	7	66470;67101;67174;67220;67221;67234;67242	0.888889
HG00735	2	chr19_KI270921v1_alt	KIR2DL2.00102	KIR2DL2.008	NA	NA	27	24	56911;66460;66975	7	66470;67101;67174;67220;67221;67234;67242	0.888889
HG00735	2	chr19_KI270921v1_alt	KIR2DL2.00102	KIR2DL2.009	NA	NA	27	24	56911;58627;58784	7	66470;67101;67174;67220;67221;67234;67242	0.888889
HG00735	2	chr19_KI270921v1_alt	KIR2DL2.00102	KIR2DL2.010	NA	NA	27	24	56911;66460;66975	7	66470;67101;67174;67220;67221;67234;67242	0.888889
HG00735	2	chr19_KI270921v1_alt	KIR2DL2.00102	KIR2DL2.012	NA	NA	27	24	56679;56911;58784	7	66470;67101;67174;67220;67221;67234;67242	0.888889
HG00735	2	chr19_KI270921v1_alt	KIR2DL2.00102	KIR2DL2.013	NA	NA	27	24	56911;58784;66975	7	66470;67101;67174;67220;67221;67234;67242	0.888889
HG00735	2	chr19_KI270921v1_alt	KIR2DL2.00103	KIR2DL2.00602	NA	NA	27	24	56718;56764;58784	7	66470;67101;67174;67220;67221;67234;67242	0.888889
HG00735	2	chr19_KI270921v1_alt	KIR2DL2.00103	KIR2DL2.014	NA	NA	27	24	56726;58592;58784	7	66470;67101;67174;67220;67221;67234;67242	0.888889
HG00735	2	chr19_KI270921v1_alt	KIR2DL2.00103	KIR2DL2.015	NA	NA	27	24	56718;56854;58627	7	66470;67101;67174;67220;67221;67234;67242	0.888889
HG00735	2	chr19_KI270921v1_alt	KIR2DL2.002	KIR2DL2.00302	NA	NA	27	24	58784;66975;66990	7	66470;67101;67174;67220;67221;67234;67242	0.888889
HG00735	2	chr19_KI270921v1_alt	KIR2DL2.002	KIR2DL2.00303	NA	NA	27	24	56854;58784;66990	7	66470;67101;67174;67220;67221;67234;67242	0.888889
HG00735	2	chr19_KI270921v1_alt	KIR2DL2.002	KIR2DL2.00304	NA	NA	27	24	56896;58784;66990	7	66470;67101;67174;67220;67221;67234;67242	0.888889
HG00735	2	chr19_KI270921v1_alt	KIR2DL2.002	KIR2DL2.00601	NA	NA	27	24	56718;58784;66990	7	66470;67101;67174;67220;67221;67234;67242	0.888889
HG00735	2	chr19_KI270921v1_alt	KIR2DL2.002	KIR2DL2.008	NA	NA	27	24	66460;66975;66990	7	66470;67101;67174;67220;67221;67234;67242	0.888889
HG00735	2	chr19_KI270921v1_alt	KIR2DL2.002	KIR2DL2.009	NA	NA	27	24	58627;58784;66990	7	66470;67101;67174;67220;67221;67234;67242	0.888889
HG00735	2	chr19_KI270921v1_alt	KIR2DL2.002	KIR2DL2.010	NA	NA	27	24	66460;66975;66990	7	66470;67101;67174;67220;67221;67234;67242	0.888889
HG00735	2	chr19_KI270921v1_alt	KIR2DL2.002	KIR2DL2.012	NA	NA	27	24	56679;58784;66990	7	66470;67101;67174;67220;67221;67234;67242	0.888889
HG00735	2	chr19_KI270921v1_alt	KIR2DL2.002	KIR2DL2.013	NA	NA	27	24	58784;66975;66990	7	66470;67101;67174;67220;67221;67234;67242	0.888889
HG00735	2	chr19_KI270921v1_alt	KIR2DL2.0030101	KIR2DL2.00302	NA	NA	27	24	58784;66975;67221	7	66470;67101;67174;67220;67221;67234;67242	0.888889
HG00735	2	chr19_KI270921v1_alt	KIR2DL2.0030101	KIR2DL2.00303	NA	NA	27	24	56854;58784;67221	7	66470;67101;67174;67220;67221;67234;67242	0.888889
HG00735	2	chr19_KI270921v1_alt	KIR2DL2.0030101	KIR2DL2.00304	NA	NA	27	24	56896;58784;67221	7	66470;67101;67174;67220;67221;67234;67242	0.888889
HG00735	2	chr19_KI270921v1_alt	KIR2DL2.0030101	KIR2DL2.00601	NA	NA	27	24	56718;58784;67221	7	66470;67101;67174;67220;67221;67234;67242	0.888889
HG00735	2	chr19_KI270921v1_alt	KIR2DL2.0030101	KIR2DL2.009	NA	NA	27	24	58627;58784;67221	7	66470;67101;67174;67220;67221;67234;67242	0.888889
HG00735	2	chr19_KI270921v1_alt	KIR2DL2.0030101	KIR2DL2.012	NA	NA	27	24	56679;58784;67221	7	66470;67101;67174;67220;67221;67234;67242	0.888889
HG00735	2	chr19_KI270921v1_alt	KIR2DL2.0030101	KIR2DL2.013	NA	NA	27	24	58784;66975;67221	7	66470;67101;67174;67220;67221;67234;67242	0.888889
HG00735	2	chr19_KI270921v1_alt	KIR2DL2.0030102	KIR2DL2.00302	NA	NA	27	24	58784;66975;67221	7	66470;67101;67174;67220;67221;67234;67242	0.888889
HG00735	2	chr19_KI270921v1_alt	KIR2DL2.0030102	KIR2DL2.00303	NA	NA	27	24	56854;58784;67221	7	66470;67101;67174;67220;67221;67234;67242	0.888889
HG00735	2	chr19_KI270921v1_alt	KIR2DL2.0030102	KIR2DL2.00304	NA	NA	27	24	56896;58784;67221	7	66470;67101;67174;67220;67221;67234;67242	0.888889
HG00735	2	chr19_KI270921v1_alt	KIR2DL2.0030102	KIR2DL2.00601	NA	NA	27	24	56718;58784;67221	7	66470;67101;67174;67220;67221;67234;67242	0.888889
HG00735	2	chr19_KI270921v1_alt	KIR2DL2.0030102	KIR2DL2.009	NA	NA	27	24	58627;58784;67221	7	66470;67101;67174;67220;67221;67234;67242	0.888889
HG00735	2	chr19_KI270921v1_alt	KIR2DL2.0030102	KIR2DL2.012	NA	NA	27	24	56679;58784;67221	7	66470;67101;67174;67220;67221;67234;67242	0.888889
HG00735	2	chr19_KI270921v1_alt	KIR2DL2.0030102	KIR2DL2.013	NA	NA	27	24	58784;66975;67221	7	66470;67101;67174;67220;67221;67234;67242	0.888889
HG00735	2	chr19_KI270921v1_alt	KIR2DL2.0030103	KIR2DL2.00302	NA	NA	27	24	58784;66975;67221	7	66470;67101;67174;67220;67221;67234;67242	0.888889
HG00735	2	chr19_KI270921v1_alt	KIR2DL2.0030103	KIR2DL2.00303	NA	NA	27	24	56854;58784;67221	7	66470;67101;67174;67220;67221;67234;67242	0.888889
HG00735	2	chr19_KI270921v1_alt	KIR2DL2.0030103	KIR2DL2.00304	NA	NA	27	24	56896;58784;67221	7	66470;67101;67174;67220;67221;67234;67242	0.888889
HG00735	2	chr19_KI270921v1_alt	KIR2DL2.0030103	KIR2DL2.00601	NA	NA	27	24	56718;58784;67221	7	66470;67101;67174;67220;67221;67234;67242	0.888889
HG00735	2	chr19_KI270921v1_alt	KIR2DL2.0030103	KIR2DL2.009	NA	NA	27	24	58627;58784;67221	7	66470;67101;67174;67220;67221;67234;67242	0.888889
HG00735	2	chr19_KI270921v1_alt	KIR2DL2.0030103	KIR2DL2.012	NA	NA	27	24	56679;58784;67221	7	66470;67101;67174;67220;67221;67234;67242	0.888889
HG00735	2	chr19_KI270921v1_alt	KIR2DL2.0030103	KIR2DL2.013	NA	NA	27	24	58784;66975;67221	7	66470;67101;67174;67220;67221;67234;67242	0.888889
HG00735	2	chr19_KI270921v1_alt	KIR2DL2.0030104	KIR2DL2.00302	NA	NA	27	24	58784;66975;67221	7	66470;67101;67174;67220;67221;67234;67242	0.888889
HG00735	2	chr19_KI270921v1_alt	KIR2DL2.0030104	KIR2DL2.00303	NA	NA	27	24	56854;58784;67221	7	66470;67101;67174;67220;67221;67234;67242	0.888889
HG00735	2	chr19_KI270921v1_alt	KIR2DL2.0030104	KIR2DL2.00304	NA	NA	27	24	56896;58784;67221	7	66470;67101;67174;67220;67221;67234;67242	0.888889
HG00735	2	chr19_KI270921v1_alt	KIR2DL2.0030104	KIR2DL2.00601	NA	NA	27	24	56718;58784;67221	7	66470;67101;67174;67220;67221;67234;67242	0.888889
HG00735	2	chr19_KI270921v1_alt	KIR2DL2.0030104	KIR2DL2.009	NA	NA	27	24	58627;58784;67221	7	66470;67101;67174;67220;67221;67234;67242	0.888889
HG00735	2	chr19_KI270921v1_alt	KIR2DL2.0030104	KIR2DL2.012	NA	NA	27	24	56679;58784;67221	7	66470;67101;67174;67220;67221;67234;67242	0.888889
HG00735	2	chr19_KI270921v1_alt	KIR2DL2.0030104	KIR2DL2.013	NA	NA	27	24	58784;66975;67221	7	66470;67101;67174;67220;67221;67234;67242	0.888889
HG00735	2	chr19_KI270921v1_alt	KIR2DL2.00302	KIR2DL2.00302	NA	NA	27	24	58784;66975;67221	7	66470;67101;67174;67220;67221;67234;67242	0.888889
HG00735	2	chr19_KI270921v1_alt	KIR2DL2.00302	KIR2DL2.005	NA	NA	27	24	58784;66975;67221	7	66470;67101;67174;67220;67221;67234;67242	0.888889
HG00735	2	chr19_KI270921v1_alt	KIR2DL2.00302	KIR2DL2.007	NA	NA	27	24	58784;66422;66975	7	66470;67101;67174;67220;67221;67234;67242	0.888889
HG00735	2	chr19_KI270921v1_alt	KIR2DL2.00302	KIR2DL2.013	NA	NA	27	24	58784;66975;67221	7	66470;67101;67174;67220;67221;67234;67242	0.888889
HG00735	2	chr19_KI270921v1_alt	KIR2DL2.00302	KIR2DL2.016	NA	NA	27	24	58657;58784;66975	7	66470;67101;67174;67220;67221;67234;67242	0.888889
HG00735	2	chr19_KI270921v1_alt	KIR2DL2.00303	KIR2DL2.00303	NA	NA	27	24	56854;58784;67221	7	66470;67101;67174;67220;67221;67234;67242	0.888889
HG00735	2	chr19_KI270921v1_alt	KIR2DL2.00303	KIR2DL2.005	NA	NA	27	24	56854;58784;67221	7	66470;67101;67174;67220;67221;67234;67242	0.888889
HG00735	2	chr19_KI270921v1_alt	KIR2DL2.00303	KIR2DL2.007	NA	NA	27	24	56854;58784;66422	7	66470;67101;67174;67220;67221;67234;67242	0.888889
HG00735	2	chr19_KI270921v1_alt	KIR2DL2.00303	KIR2DL2.016	NA	NA	27	24	56854;58657;58784	7	66470;67101;67174;67220;67221;67234;67242	0.888889
HG00735	2	chr19_KI270921v1_alt	KIR2DL2.00304	KIR2DL2.00304	NA	NA	27	24	56896;58784;67221	7	66470;67101;67174;67220;67221;67234;67242	0.888889
HG00735	2	chr19_KI270921v1_alt	KIR2DL2.00304	KIR2DL2.005	NA	NA	27	24	56896;58784;67221	7	66470;67101;67174;67220;67221;67234;67242	0.888889
HG00735	2	chr19_KI270921v1_alt	KIR2DL2.00304	KIR2DL2.007	NA	NA	27	24	56896;58784;66422	7	66470;67101;67174;67220;67221;67234;67242	0.888889
HG00735	2	chr19_KI270921v1_alt	KIR2DL2.00304	KIR2DL2.016	NA	NA	27	24	56896;58657;58784	7	66470;67101;67174;67220;67221;67234;67242	0.888889
HG00735	2	chr19_KI270921v1_alt	KIR2DL2.005	KIR2DL2.00601	NA	NA	27	24	56718;58784;67221	7	66470;67101;67174;67220;67221;67234;67242	0.888889
HG00735	2	chr19_KI270921v1_alt	KIR2DL2.005	KIR2DL2.008	NA	NA	27	24	66460;66975;67221	7	66470;67101;67174;67220;67221;67234;67242	0.888889
HG00735	2	chr19_KI270921v1_alt	KIR2DL2.005	KIR2DL2.009	NA	NA	27	24	58627;58784;67221	7	66470;67101;67174;67220;67221;67234;67242	0.888889
HG00735	2	chr19_KI270921v1_alt	KIR2DL2.005	KIR2DL2.010	NA	NA	27	24	66460;66975;67221	7	66470;67101;67174;67220;67221;67234;67242	0.888889
HG00735	2	chr19_KI270921v1_alt	KIR2DL2.005	KIR2DL2.012	NA	NA	27	24	56679;58784;67221	7	66470;67101;67174;67220;67221;67234;67242	0.888889
HG00735	2	chr19_KI270921v1_alt	KIR2DL2.005	KIR2DL2.013	NA	NA	27	24	58784;66975;67221	7	66470;67101;67174;67220;67221;67234;67242	0.888889
HG00735	2	chr19_KI270921v1_alt	KIR2DL2.005	KIR2DL2.015	NA	NA	27	24	56718;56854;58627	7	66470;67101;67174;67220;67221;67234;67242	0.888889
HG00735	2	chr19_KI270921v1_alt	KIR2DL2.00601	KIR2DL2.00601	NA	NA	27	24	56718;58784;67221	7	66470;67101;67174;67220;67221;67234;67242	0.888889
HG00735	2	chr19_KI270921v1_alt	KIR2DL2.00601	KIR2DL2.007	NA	NA	27	24	56718;58784;66422	7	66470;67101;67174;67220;67221;67234;67242	0.888889
HG00735	2	chr19_KI270921v1_alt	KIR2DL2.00601	KIR2DL2.016	NA	NA	27	24	56718;58657;58784	7	66470;67101;67174;67220;67221;67234;67242	0.888889
HG00735	2	chr19_KI270921v1_alt	KIR2DL2.007	KIR2DL2.008	NA	NA	27	24	66422;66460;66975	7	66470;67101;67174;67220;67221;67234;67242	0.888889
HG00735	2	chr19_KI270921v1_alt	KIR2DL2.007	KIR2DL2.009	NA	NA	27	24	58627;58784;66422	7	66470;67101;67174;67220;67221;67234;67242	0.888889
HG00735	2	chr19_KI270921v1_alt	KIR2DL2.007	KIR2DL2.010	NA	NA	27	24	66422;66460;66975	7	66470;67101;67174;67220;67221;67234;67242	0.888889
HG00735	2	chr19_KI270921v1_alt	KIR2DL2.007	KIR2DL2.012	NA	NA	27	24	56679;58784;66422	7	66470;67101;67174;67220;67221;67234;67242	0.888889
HG00735	2	chr19_KI270921v1_alt	KIR2DL2.007	KIR2DL2.013	NA	NA	27	24	58784;66422;66975	7	66470;67101;67174;67220;67221;67234;67242	0.888889
HG00735	2	chr19_KI270921v1_alt	KIR2DL2.008	KIR2DL2.008	NA	NA	27	24	66460;66975;67221	7	66470;67101;67174;67220;67221;67234;67242	0.888889
HG00735	2	chr19_KI270921v1_alt	KIR2DL2.008	KIR2DL2.010	NA	NA	27	24	66460;66975;67221	7	66470;67101;67174;67220;67221;67234;67242	0.888889
HG00735	2	chr19_KI270921v1_alt	KIR2DL2.008	KIR2DL2.016	NA	NA	27	24	58657;66460;66975	7	66470;67101;67174;67220;67221;67234;67242	0.888889
HG00735	2	chr19_KI270921v1_alt	KIR2DL2.009	KIR2DL2.009	NA	NA	27	24	58627;58784;67221	7	66470;67101;67174;67220;67221;67234;67242	0.888889
HG00735	2	chr19_KI270921v1_alt	KIR2DL2.009	KIR2DL2.016	NA	NA	27	24	58627;58657;58784	7	66470;67101;67174;67220;67221;67234;67242	0.888889
HG00735	2	chr19_KI270921v1_alt	KIR2DL2.010	KIR2DL2.016	NA	NA	27	24	58657;66460;66975	7	66470;67101;67174;67220;67221;67234;67242	0.888889
HG00735	2	chr19_KI270921v1_alt	KIR2DL2.012	KIR2DL2.012	NA	NA	27	24	56679;58784;67221	7	66470;67101;67174;67220;67221;67234;67242	0.888889
HG00735	2	chr19_KI270921v1_alt	KIR2DL2.012	KIR2DL2.016	NA	NA	27	24	56679;58657;58784	7	66470;67101;67174;67220;67221;67234;67242	0.888889
HG00735	2	chr19_KI270921v1_alt	KIR2DL2.013	KIR2DL2.016	NA	NA	27	24	58657;58784;66975	7	66470;67101;67174;67220;67221;67234;67242	0.888889
HG00735	2	chr19_KI270921v1_alt	KIR2DL2.015	KIR2DL2.015	NA	NA	27	24	56718;56854;58627	7	66470;67101;67174;67220;67221;67234;67242	0.888889
HG00735	2	chr19_KI270921v1_alt	KIR2DL2.00102	KIR2DL2.00602	NA	NA	27	23	56718;56764;56911;58784	7	66470;67101;67174;67220;67221;67234;67242	0.851852
HG00735	2	chr19_KI270921v1_alt	KIR2DL2.00102	KIR2DL2.014	NA	NA	27	23	56726;56911;58592;58784	7	66470;67101;67174;67220;67221;67234;67242	0.851852
HG00735	2	chr19_KI270921v1_alt	KIR2DL2.00102	KIR2DL2.015	NA	NA	27	23	56718;56854;56911;58627	7	66470;67101;67174;67220;67221;67234;67242	0.851852
HG00735	2	chr19_KI270921v1_alt	KIR2DL2.002	KIR2DL2.00602	NA	NA	27	23	56718;56764;58784;66990	7	66470;67101;67174;67220;67221;67234;67242	0.851852
HG00735	2	chr19_KI270921v1_alt	KIR2DL2.002	KIR2DL2.014	NA	NA	27	23	56726;58592;58784;66990	7	66470;67101;67174;67220;67221;67234;67242	0.851852
HG00735	2	chr19_KI270921v1_alt	KIR2DL2.002	KIR2DL2.015	NA	NA	27	23	56718;56854;58627;66990	7	66470;67101;67174;67220;67221;67234;67242	0.851852
HG00735	2	chr19_KI270921v1_alt	KIR2DL2.0030101	KIR2DL2.00602	NA	NA	27	23	56718;56764;58784;67221	7	66470;67101;67174;67220;67221;67234;67242	0.851852
HG00735	2	chr19_KI270921v1_alt	KIR2DL2.0030101	KIR2DL2.008	NA	NA	27	23	58784;66460;66975;67221	7	66470;67101;67174;67220;67221;67234;67242	0.851852
HG00735	2	chr19_KI270921v1_alt	KIR2DL2.0030101	KIR2DL2.010	NA	NA	27	23	58784;66460;66975;67221	7	66470;67101;67174;67220;67221;67234;67242	0.851852
HG00735	2	chr19_KI270921v1_alt	KIR2DL2.0030101	KIR2DL2.014	NA	NA	27	23	56726;58592;58784;67221	7	66470;67101;67174;67220;67221;67234;67242	0.851852
HG00735	2	chr19_KI270921v1_alt	KIR2DL2.0030101	KIR2DL2.015	NA	NA	27	23	56718;56854;58627;58784	7	66470;67101;67174;67220;67221;67234;67242	0.851852
HG00735	2	chr19_KI270921v1_alt	KIR2DL2.0030102	KIR2DL2.00602	NA	NA	27	23	56718;56764;58784;67221	7	66470;67101;67174;67220;67221;67234;67242	0.851852
HG00735	2	chr19_KI270921v1_alt	KIR2DL2.0030102	KIR2DL2.008	NA	NA	27	23	58784;66460;66975;67221	7	66470;67101;67174;67220;67221;67234;67242	0.851852
HG00735	2	chr19_KI270921v1_alt	KIR2DL2.0030102	KIR2DL2.010	NA	NA	27	23	58784;66460;66975;67221	7	66470;67101;67174;67220;67221;67234;67242	0.851852
HG00735	2	chr19_KI270921v1_alt	KIR2DL2.0030102	KIR2DL2.014	NA	NA	27	23	56726;58592;58784;67221	7	66470;67101;67174;67220;67221;67234;67242	0.851852
HG00735	2	chr19_KI270921v1_alt	KIR2DL2.0030102	KIR2DL2.015	NA	NA	27	23	56718;56854;58627;58784	7	66470;67101;67174;67220;67221;67234;67242	0.851852
HG00735	2	chr19_KI270921v1_alt	KIR2DL2.0030103	KIR2DL2.00602	NA	NA	27	23	56718;56764;58784;67221	7	66470;67101;67174;67220;67221;67234;67242	0.851852
HG00735	2	chr19_KI270921v1_alt	KIR2DL2.0030103	KIR2DL2.008	NA	NA	27	23	58784;66460;66975;67221	7	66470;67101;67174;67220;67221;67234;67242	0.851852
HG00735	2	chr19_KI270921v1_alt	KIR2DL2.0030103	KIR2DL2.010	NA	NA	27	23	58784;66460;66975;67221	7	66470;67101;67174;67220;67221;67234;67242	0.851852
HG00735	2	chr19_KI270921v1_alt	KIR2DL2.0030103	KIR2DL2.014	NA	NA	27	23	56726;58592;58784;67221	7	66470;67101;67174;67220;67221;67234;67242	0.851852
HG00735	2	chr19_KI270921v1_alt	KIR2DL2.0030103	KIR2DL2.015	NA	NA	27	23	56718;56854;58627;58784	7	66470;67101;67174;67220;67221;67234;67242	0.851852
HG00735	2	chr19_KI270921v1_alt	KIR2DL2.0030104	KIR2DL2.00602	NA	NA	27	23	56718;56764;58784;67221	7	66470;67101;67174;67220;67221;67234;67242	0.851852
HG00735	2	chr19_KI270921v1_alt	KIR2DL2.0030104	KIR2DL2.008	NA	NA	27	23	58784;66460;66975;67221	7	66470;67101;67174;67220;67221;67234;67242	0.851852
HG00735	2	chr19_KI270921v1_alt	KIR2DL2.0030104	KIR2DL2.010	NA	NA	27	23	58784;66460;66975;67221	7	66470;67101;67174;67220;67221;67234;67242	0.851852
HG00735	2	chr19_KI270921v1_alt	KIR2DL2.0030104	KIR2DL2.014	NA	NA	27	23	56726;58592;58784;67221	7	66470;67101;67174;67220;67221;67234;67242	0.851852
HG00735	2	chr19_KI270921v1_alt	KIR2DL2.0030104	KIR2DL2.015	NA	NA	27	23	56718;56854;58627;58784	7	66470;67101;67174;67220;67221;67234;67242	0.851852
HG00735	2	chr19_KI270921v1_alt	KIR2DL2.00302	KIR2DL2.00303	NA	NA	27	23	56854;58784;66975;67221	7	66470;67101;67174;67220;67221;67234;67242	0.851852
HG00735	2	chr19_KI270921v1_alt	KIR2DL2.00302	KIR2DL2.00304	NA	NA	27	23	56896;58784;66975;67221	7	66470;67101;67174;67220;67221;67234;67242	0.851852
HG00735	2	chr19_KI270921v1_alt	KIR2DL2.00302	KIR2DL2.00601	NA	NA	27	23	56718;58784;66975;67221	7	66470;67101;67174;67220;67221;67234;67242	0.851852
HG00735	2	chr19_KI270921v1_alt	KIR2DL2.00302	KIR2DL2.008	NA	NA	27	23	58784;66460;66975;67221	7	66470;67101;67174;67220;67221;67234;67242	0.851852
HG00735	2	chr19_KI270921v1_alt	KIR2DL2.00302	KIR2DL2.009	NA	NA	27	23	58627;58784;66975;67221	7	66470;67101;67174;67220;67221;67234;67242	0.851852
HG00735	2	chr19_KI270921v1_alt	KIR2DL2.00302	KIR2DL2.010	NA	NA	27	23	58784;66460;66975;67221	7	66470;67101;67174;67220;67221;67234;67242	0.851852
HG00735	2	chr19_KI270921v1_alt	KIR2DL2.00302	KIR2DL2.012	NA	NA	27	23	56679;58784;66975;67221	7	66470;67101;67174;67220;67221;67234;67242	0.851852
HG00735	2	chr19_KI270921v1_alt	KIR2DL2.00303	KIR2DL2.00304	NA	NA	27	23	56854;56896;58784;67221	7	66470;67101;67174;67220;67221;67234;67242	0.851852
HG00735	2	chr19_KI270921v1_alt	KIR2DL2.00303	KIR2DL2.00601	NA	NA	27	23	56718;56854;58784;67221	7	66470;67101;67174;67220;67221;67234;67242	0.851852
HG00735	2	chr19_KI270921v1_alt	KIR2DL2.00303	KIR2DL2.009	NA	NA	27	23	56854;58627;58784;67221	7	66470;67101;67174;67220;67221;67234;67242	0.851852
HG00735	2	chr19_KI270921v1_alt	KIR2DL2.00303	KIR2DL2.012	NA	NA	27	23	56679;56854;58784;67221	7	66470;67101;67174;67220;67221;67234;67242	0.851852
HG00735	2	chr19_KI270921v1_alt	KIR2DL2.00303	KIR2DL2.013	NA	NA	27	23	56854;58784;66975;67221	7	66470;67101;67174;67220;67221;67234;67242	0.851852
HG00735	2	chr19_KI270921v1_alt	KIR2DL2.00303	KIR2DL2.015	NA	NA	27	23	56718;56854;58627;58784	7	66470;67101;67174;67220;67221;67234;67242	0.851852
HG00735	2	chr19_KI270921v1_alt	KIR2DL2.00304	KIR2DL2.00601	NA	NA	27	23	56718;56896;58784;67221	7	66470;67101;67174;67220;67221;67234;67242	0.851852
HG00735	2	chr19_KI270921v1_alt	KIR2DL2.00304	KIR2DL2.009	NA	NA	27	23	56896;58627;58784;67221	7	66470;67101;67174;67220;67221;67234;67242	0.851852
HG00735	2	chr19_KI270921v1_alt	KIR2DL2.00304	KIR2DL2.012	NA	NA	27	23	56679;56896;58784;67221	7	66470;67101;67174;67220;67221;67234;67242	0.851852
HG00735	2	chr19_KI270921v1_alt	KIR2DL2.00304	KIR2DL2.013	NA	NA	27	23	56896;58784;66975;67221	7	66470;67101;67174;67220;67221;67234;67242	0.851852
HG00735	2	chr19_KI270921v1_alt	KIR2DL2.005	KIR2DL2.00602	NA	NA	27	23	56718;56764;58784;67221	7	66470;67101;67174;67220;67221;67234;67242	0.851852
HG00735	2	chr19_KI270921v1_alt	KIR2DL2.005	KIR2DL2.014	NA	NA	27	23	56726;58592;58784;67221	7	66470;67101;67174;67220;67221;67234;67242	0.851852
HG00735	2	chr19_KI270921v1_alt	KIR2DL2.00601	KIR2DL2.00602	NA	NA	27	23	56718;56764;58784;67221	7	66470;67101;67174;67220;67221;67234;67242	0.851852
HG00735	2	chr19_KI270921v1_alt	KIR2DL2.00601	KIR2DL2.009	NA	NA	27	23	56718;58627;58784;67221	7	66470;67101;67174;67220;67221;67234;67242	0.851852
HG00735	2	chr19_KI270921v1_alt	KIR2DL2.00601	KIR2DL2.012	NA	NA	27	23	56679;56718;58784;67221	7	66470;67101;67174;67220;67221;67234;67242	0.851852
HG00735	2	chr19_KI270921v1_alt	KIR2DL2.00601	KIR2DL2.013	NA	NA	27	23	56718;58784;66975;67221	7	66470;67101;67174;67220;67221;67234;67242	0.851852
HG00735	2	chr19_KI270921v1_alt	KIR2DL2.00601	KIR2DL2.015	NA	NA	27	23	56718;56854;58627;58784	7	66470;67101;67174;67220;67221;67234;67242	0.851852
HG00735	2	chr19_KI270921v1_alt	KIR2DL2.00602	KIR2DL2.00602	NA	NA	27	23	56718;56764;58784;67221	7	66470;67101;67174;67220;67221;67234;67242	0.851852
HG00735	2	chr19_KI270921v1_alt	KIR2DL2.00602	KIR2DL2.007	NA	NA	27	23	56718;56764;58784;66422	7	66470;67101;67174;67220;67221;67234;67242	0.851852
HG00735	2	chr19_KI270921v1_alt	KIR2DL2.00602	KIR2DL2.016	NA	NA	27	23	56718;56764;58657;58784	7	66470;67101;67174;67220;67221;67234;67242	0.851852
HG00735	2	chr19_KI270921v1_alt	KIR2DL2.007	KIR2DL2.014	NA	NA	27	23	56726;58592;58784;66422	7	66470;67101;67174;67220;67221;67234;67242	0.851852
HG00735	2	chr19_KI270921v1_alt	KIR2DL2.007	KIR2DL2.015	NA	NA	27	23	56718;56854;58627;66422	7	66470;67101;67174;67220;67221;67234;67242	0.851852
HG00735	2	chr19_KI270921v1_alt	KIR2DL2.008	KIR2DL2.013	NA	NA	27	23	58784;66460;66975;67221	7	66470;67101;67174;67220;67221;67234;67242	0.851852
HG00735	2	chr19_KI270921v1_alt	KIR2DL2.009	KIR2DL2.012	NA	NA	27	23	56679;58627;58784;67221	7	66470;67101;67174;67220;67221;67234;67242	0.851852
HG00735	2	chr19_KI270921v1_alt	KIR2DL2.009	KIR2DL2.013	NA	NA	27	23	58627;58784;66975;67221	7	66470;67101;67174;67220;67221;67234;67242	0.851852
HG00735	2	chr19_KI270921v1_alt	KIR2DL2.009	KIR2DL2.015	NA	NA	27	23	56718;56854;58627;58784	7	66470;67101;67174;67220;67221;67234;67242	0.851852
HG00735	2	chr19_KI270921v1_alt	KIR2DL2.010	KIR2DL2.010	NA	NA	27	23	66460;66975;67101;67221	7	66470;67101;67174;67220;67221;67234;67242	0.851852
HG00735	2	chr19_KI270921v1_alt	KIR2DL2.010	KIR2DL2.013	NA	NA	27	23	58784;66460;66975;67221	7	66470;67101;67174;67220;67221;67234;67242	0.851852
HG00735	2	chr19_KI270921v1_alt	KIR2DL2.012	KIR2DL2.013	NA	NA	27	23	56679;58784;66975;67221	7	66470;67101;67174;67220;67221;67234;67242	0.851852
HG00735	2	chr19_KI270921v1_alt	KIR2DL2.013	KIR2DL2.013	NA	NA	27	23	58784;66470;66975;67221	7	66470;67101;67174;67220;67221;67234;67242	0.851852
HG00735	2	chr19_KI270921v1_alt	KIR2DL2.014	KIR2DL2.014	NA	NA	27	23	56726;58592;58784;67221	7	66470;67101;67174;67220;67221;67234;67242	0.851852
HG00735	2	chr19_KI270921v1_alt	KIR2DL2.014	KIR2DL2.016	NA	NA	27	23	56726;58592;58657;58784	7	66470;67101;67174;67220;67221;67234;67242	0.851852
HG00735	2	chr19_KI270921v1_alt	KIR2DL2.015	KIR2DL2.016	NA	NA	27	23	56718;56854;58627;58657	7	66470;67101;67174;67220;67221;67234;67242	0.851852
HG00735	2	chr19_KI270921v1_alt	KIR2DL2.00302	KIR2DL2.00602	NA	NA	27	22	56718;56764;58784;66975;67221	7	66470;67101;67174;67220;67221;67234;67242	0.814815
HG00735	2	chr19_KI270921v1_alt	KIR2DL2.00302	KIR2DL2.014	NA	NA	27	22	56726;58592;58784;66975;67221	7	66470;67101;67174;67220;67221;67234;67242	0.814815
HG00735	2	chr19_KI270921v1_alt	KIR2DL2.00302	KIR2DL2.015	NA	NA	27	22	56718;56854;58627;58784;66975	7	66470;67101;67174;67220;67221;67234;67242	0.814815
HG00735	2	chr19_KI270921v1_alt	KIR2DL2.00303	KIR2DL2.00602	NA	NA	27	22	56718;56764;56854;58784;67221	7	66470;67101;67174;67220;67221;67234;67242	0.814815
HG00735	2	chr19_KI270921v1_alt	KIR2DL2.00303	KIR2DL2.008	NA	NA	27	22	56854;58784;66460;66975;67221	7	66470;67101;67174;67220;67221;67234;67242	0.814815
HG00735	2	chr19_KI270921v1_alt	KIR2DL2.00303	KIR2DL2.010	NA	NA	27	22	56854;58784;66460;66975;67221	7	66470;67101;67174;67220;67221;67234;67242	0.814815
HG00735	2	chr19_KI270921v1_alt	KIR2DL2.00303	KIR2DL2.014	NA	NA	27	22	56726;56854;58592;58784;67221	7	66470;67101;67174;67220;67221;67234;67242	0.814815
HG00735	2	chr19_KI270921v1_alt	KIR2DL2.00304	KIR2DL2.00602	NA	NA	27	22	56718;56764;56896;58784;67221	7	66470;67101;67174;67220;67221;67234;67242	0.814815
HG00735	2	chr19_KI270921v1_alt	KIR2DL2.00304	KIR2DL2.008	NA	NA	27	22	56896;58784;66460;66975;67221	7	66470;67101;67174;67220;67221;67234;67242	0.814815
HG00735	2	chr19_KI270921v1_alt	KIR2DL2.00304	KIR2DL2.010	NA	NA	27	22	56896;58784;66460;66975;67221	7	66470;67101;67174;67220;67221;67234;67242	0.814815
HG00735	2	chr19_KI270921v1_alt	KIR2DL2.00304	KIR2DL2.014	NA	NA	27	22	56726;56896;58592;58784;67221	7	66470;67101;67174;67220;67221;67234;67242	0.814815
HG00735	2	chr19_KI270921v1_alt	KIR2DL2.00304	KIR2DL2.015	NA	NA	27	22	56718;56854;56896;58627;58784	7	66470;67101;67174;67220;67221;67234;67242	0.814815
HG00735	2	chr19_KI270921v1_alt	KIR2DL2.00601	KIR2DL2.008	NA	NA	27	22	56718;58784;66460;66975;67221	7	66470;67101;67174;67220;67221;67234;67242	0.814815
HG00735	2	chr19_KI270921v1_alt	KIR2DL2.00601	KIR2DL2.010	NA	NA	27	22	56718;58784;66460;66975;67221	7	66470;67101;67174;67220;67221;67234;67242	0.814815
HG00735	2	chr19_KI270921v1_alt	KIR2DL2.00601	KIR2DL2.014	NA	NA	27	22	56718;56726;58592;58784;67221	7	66470;67101;67174;67220;67221;67234;67242	0.814815
HG00735	2	chr19_KI270921v1_alt	KIR2DL2.00602	KIR2DL2.009	NA	NA	27	22	56718;56764;58627;58784;67221	7	66470;67101;67174;67220;67221;67234;67242	0.814815
HG00735	2	chr19_KI270921v1_alt	KIR2DL2.00602	KIR2DL2.012	NA	NA	27	22	56679;56718;56764;58784;67221	7	66470;67101;67174;67220;67221;67234;67242	0.814815
HG00735	2	chr19_KI270921v1_alt	KIR2DL2.00602	KIR2DL2.013	NA	NA	27	22	56718;56764;58784;66975;67221	7	66470;67101;67174;67220;67221;67234;67242	0.814815
HG00735	2	chr19_KI270921v1_alt	KIR2DL2.00602	KIR2DL2.015	NA	NA	27	22	56718;56764;56854;58627;58784	7	66470;67101;67174;67220;67221;67234;67242	0.814815
HG00735	2	chr19_KI270921v1_alt	KIR2DL2.008	KIR2DL2.009	NA	NA	27	22	58627;58784;66460;66975;67221	7	66470;67101;67174;67220;67221;67234;67242	0.814815
HG00735	2	chr19_KI270921v1_alt	KIR2DL2.008	KIR2DL2.012	NA	NA	27	22	56679;58784;66460;66975;67221	7	66470;67101;67174;67220;67221;67234;67242	0.814815
HG00735	2	chr19_KI270921v1_alt	KIR2DL2.008	KIR2DL2.015	NA	NA	27	22	56718;56854;58627;66460;66975	7	66470;67101;67174;67220;67221;67234;67242	0.814815
HG00735	2	chr19_KI270921v1_alt	KIR2DL2.009	KIR2DL2.010	NA	NA	27	22	58627;58784;66460;66975;67221	7	66470;67101;67174;67220;67221;67234;67242	0.814815
HG00735	2	chr19_KI270921v1_alt	KIR2DL2.009	KIR2DL2.014	NA	NA	27	22	56726;58592;58627;58784;67221	7	66470;67101;67174;67220;67221;67234;67242	0.814815
HG00735	2	chr19_KI270921v1_alt	KIR2DL2.010	KIR2DL2.012	NA	NA	27	22	56679;58784;66460;66975;67221	7	66470;67101;67174;67220;67221;67234;67242	0.814815
HG00735	2	chr19_KI270921v1_alt	KIR2DL2.010	KIR2DL2.015	NA	NA	27	22	56718;56854;58627;66460;66975	7	66470;67101;67174;67220;67221;67234;67242	0.814815
HG00735	2	chr19_KI270921v1_alt	KIR2DL2.012	KIR2DL2.014	NA	NA	27	22	56679;56726;58592;58784;67221	7	66470;67101;67174;67220;67221;67234;67242	0.814815
HG00735	2	chr19_KI270921v1_alt	KIR2DL2.012	KIR2DL2.015	NA	NA	27	22	56679;56718;56854;58627;58784	7	66470;67101;67174;67220;67221;67234;67242	0.814815
HG00735	2	chr19_KI270921v1_alt	KIR2DL2.013	KIR2DL2.014	NA	NA	27	22	56726;58592;58784;66975;67221	7	66470;67101;67174;67220;67221;67234;67242	0.814815
HG00735	2	chr19_KI270921v1_alt	KIR2DL2.013	KIR2DL2.015	NA	NA	27	22	56718;56854;58627;58784;66975	7	66470;67101;67174;67220;67221;67234;67242	0.814815
HG00735	2	chr19_KI270921v1_alt	KIR2DL2.00602	KIR2DL2.008	NA	NA	27	21	56718;56764;58784;66460;66975;67221	7	66470;67101;67174;67220;67221;67234;67242	0.777778
HG00735	2	chr19_KI270921v1_alt	KIR2DL2.00602	KIR2DL2.010	NA	NA	27	21	56718;56764;58784;66460;66975;67221	7	66470;67101;67174;67220;67221;67234;67242	0.777778
HG00735	2	chr19_KI270921v1_alt	KIR2DL2.00602	KIR2DL2.014	NA	NA	27	21	56718;56726;56764;58592;58784;67221	7	66470;67101;67174;67220;67221;67234;67242	0.777778
HG00735	2	chr19_KI270921v1_alt	KIR2DL2.008	KIR2DL2.014	NA	NA	27	21	56726;58592;58784;66460;66975;67221	7	66470;67101;67174;67220;67221;67234;67242	0.777778
HG00735	2	chr19_KI270921v1_alt	KIR2DL2.010	KIR2DL2.014	NA	NA	27	21	56726;58592;58784;66460;66975;67221	7	66470;67101;67174;67220;67221;67234;67242	0.777778
HG00735	2	chr19_KI270921v1_alt	KIR2DL2.014	KIR2DL2.015	NA	NA	27	21	56718;56726;56854;58592;58627;58784	7	66470;67101;67174;67220;67221;67234;67242	0.777778
