Sample	Copy_number	Chr	Allele_A	Allele_B	Allele_C	Allele_D	Tested_genotypes	Valid_genotypes	Error_list	Missed_genotypes	Missed_list	Ratio
HG00741	1	chr19	KIR3DL2.00501	KIR3DL2*null	NA	NA	107	107	none	3	54850487;54852249;54852264	1.000000
HG00741	1	chr19	KIR3DL2.023	KIR3DL2*null	NA	NA	107	107	none	3	54850487;54852249;54852264	1.000000
HG00741	1	chr19	KIR3DL2.04301	KIR3DL2*null	NA	NA	107	107	none	3	54850487;54852249;54852264	1.000000
HG00741	1	chr19	KIR3DL2.04302	KIR3DL2*null	NA	NA	107	107	none	3	54850487;54852249;54852264	1.000000
HG00741	1	chr19	KIR3DL2.0010101	KIR3DL2*null	NA	NA	107	106	54853888	3	54850487;54852249;54852264	0.990654
HG00741	1	chr19	KIR3DL2.0010102	KIR3DL2*null	NA	NA	107	106	54853888	3	54850487;54852249;54852264	0.990654
HG00741	1	chr19	KIR3DL2.0010301	KIR3DL2*null	NA	NA	107	106	54853888	3	54850487;54852249;54852264	0.990654
HG00741	1	chr19	KIR3DL2.0010302	KIR3DL2*null	NA	NA	107	106	54853888	3	54850487;54852249;54852264	0.990654
HG00741	1	chr19	KIR3DL2.00301	KIR3DL2*null	NA	NA	107	106	54853888	3	54850487;54852249;54852264	0.990654
HG00741	1	chr19	KIR3DL2.00502	KIR3DL2*null	NA	NA	107	106	54853820	3	54850487;54852249;54852264	0.990654
HG00741	1	chr19	KIR3DL2.00601	KIR3DL2*null	NA	NA	107	106	54853888	3	54850487;54852249;54852264	0.990654
HG00741	1	chr19	KIR3DL2.00602	KIR3DL2*null	NA	NA	107	106	54853888	3	54850487;54852249;54852264	0.990654
HG00741	1	chr19	KIR3DL2.012	KIR3DL2*null	NA	NA	105	104	54852049	2	54852249;54852264	0.990476
HG00741	1	chr19	KIR3DL2.020	KIR3DL2*null	NA	NA	105	104	54852144	2	54852249;54852264	0.990476
HG00741	1	chr19	KIR3DL2.025	KIR3DL2*null	NA	NA	107	106	54852027	3	54850487;54852249;54852264	0.990654
HG00741	1	chr19	KIR3DL2.046	KIR3DL2*null	NA	NA	107	106	54852027	3	54850487;54852249;54852264	0.990654
HG00741	1	chr19	KIR3DL2.048	KIR3DL2*null	NA	NA	107	106	54853959	3	54850487;54852249;54852264	0.990654
HG00741	1	chr19	KIR3DL2.057	KIR3DL2*null	NA	NA	107	106	54866553	3	54850487;54852249;54852264	0.990654
HG00741	1	chr19	KIR3DL2.059	KIR3DL2*null	NA	NA	107	106	54852214	3	54850487;54852249;54852264	0.990654
HG00741	1	chr19	KIR3DL2.076	KIR3DL2*null	NA	NA	107	106	54866711	3	54850487;54852249;54852264	0.990654
HG00741	1	chr19	KIR3DL2.00102	KIR3DL2*null	NA	NA	105	103	54853847;54853888	2	54852249;54852264	0.980952
HG00741	1	chr19	KIR3DL2.00104	KIR3DL2*null	NA	NA	107	105	54852248;54853888	3	54850487;54852249;54852264	0.981308
HG00741	1	chr19	KIR3DL2.00105	KIR3DL2*null	NA	NA	107	105	54853888;54855698	3	54850487;54852249;54852264	0.981308
HG00741	1	chr19	KIR3DL2.00106	KIR3DL2*null	NA	NA	107	105	54853772;54853888	3	54850487;54852249;54852264	0.981308
HG00741	1	chr19	KIR3DL2.00107	KIR3DL2*null	NA	NA	107	105	54853888;54866524	3	54850487;54852249;54852264	0.981308
HG00741	1	chr19	KIR3DL2.00109	KIR3DL2*null	NA	NA	107	105	54853888;54866398	3	54850487;54852249;54852264	0.981308
HG00741	1	chr19	KIR3DL2.0020101	KIR3DL2*null	NA	NA	107	105	54853865;54853888	3	54850487;54852249;54852264	0.981308
HG00741	1	chr19	KIR3DL2.00202	KIR3DL2*null	NA	NA	107	105	54853865;54853888	3	54850487;54852249;54852264	0.981308
HG00741	1	chr19	KIR3DL2.00204	KIR3DL2*null	NA	NA	107	105	54853865;54853888	3	54850487;54852249;54852264	0.981308
HG00741	1	chr19	KIR3DL2.00302	KIR3DL2*null	NA	NA	107	105	54852230;54853888	3	54850487;54852249;54852264	0.981308
HG00741	1	chr19	KIR3DL2.00304	KIR3DL2*null	NA	NA	107	105	54853888;54853937	3	54850487;54852249;54852264	0.981308
HG00741	1	chr19	KIR3DL2.0070101	KIR3DL2*null	NA	NA	107	105	54853888;54866553	3	54850487;54852249;54852264	0.981308
HG00741	1	chr19	KIR3DL2.0070102	KIR3DL2*null	NA	NA	107	105	54853888;54866553	3	54850487;54852249;54852264	0.981308
HG00741	1	chr19	KIR3DL2.00708	KIR3DL2*null	NA	NA	107	105	54853888;54866553	3	54850487;54852249;54852264	0.981308
HG00741	1	chr19	KIR3DL2.00709	KIR3DL2*null	NA	NA	107	105	54853888;54866553	3	54850487;54852249;54852264	0.981308
HG00741	1	chr19	KIR3DL2.01001	KIR3DL2*null	NA	NA	107	105	54853888;54866553	3	54850487;54852249;54852264	0.981308
HG00741	1	chr19	KIR3DL2.01004	KIR3DL2*null	NA	NA	107	105	54853888;54866553	3	54850487;54852249;54852264	0.981308
HG00741	1	chr19	KIR3DL2.01101	KIR3DL2*null	NA	NA	105	103	54853888;54866553	2	54852249;54852264	0.980952
HG00741	1	chr19	KIR3DL2.01301	KIR3DL2*null	NA	NA	107	105	54852027;54853888	3	54850487;54852249;54852264	0.981308
HG00741	1	chr19	KIR3DL2.01303	KIR3DL2*null	NA	NA	107	105	54852027;54853888	3	54850487;54852249;54852264	0.981308
HG00741	1	chr19	KIR3DL2.015	KIR3DL2*null	NA	NA	107	105	54853865;54853888	3	54850487;54852249;54852264	0.981308
HG00741	1	chr19	KIR3DL2.022	KIR3DL2*null	NA	NA	107	105	54852037;54853888	3	54850487;54852249;54852264	0.981308
HG00741	1	chr19	KIR3DL2.026	KIR3DL2*null	NA	NA	105	103	54853865;54853888	2	54852249;54852264	0.980952
HG00741	1	chr19	KIR3DL2.028	KIR3DL2*null	NA	NA	107	105	54852135;54853888	3	54850487;54852249;54852264	0.981308
HG00741	1	chr19	KIR3DL2.031	KIR3DL2*null	NA	NA	105	103	54853888;54853969	2	54852249;54852264	0.980952
HG00741	1	chr19	KIR3DL2.033	KIR3DL2*null	NA	NA	107	105	54853888;54855681	3	54850487;54852249;54852264	0.981308
HG00741	1	chr19	KIR3DL2.035	KIR3DL2*null	NA	NA	105	103	54853888;54855702	2	54852249;54852264	0.980952
HG00741	1	chr19	KIR3DL2.040	KIR3DL2*null	NA	NA	107	105	54852027;54853888	3	54850487;54852249;54852264	0.981308
HG00741	1	chr19	KIR3DL2.044	KIR3DL2*null	NA	NA	107	105	54853888;54854022	3	54850487;54852249;54852264	0.981308
HG00741	1	chr19	KIR3DL2.045	KIR3DL2*null	NA	NA	107	105	54853888;54855855	3	54850487;54852249;54852264	0.981308
HG00741	1	chr19	KIR3DL2.049	KIR3DL2*null	NA	NA	105	103	54853888;54854037	2	54852249;54852264	0.980952
HG00741	1	chr19	KIR3DL2.056	KIR3DL2*null	NA	NA	107	105	54853833;54853888	3	54850487;54852249;54852264	0.981308
HG00741	1	chr19	KIR3DL2.06002	KIR3DL2*null	NA	NA	107	105	54853888;54853938	3	54850487;54852249;54852264	0.981308
HG00741	1	chr19	KIR3DL2.066	KIR3DL2*null	NA	NA	107	105	54853888;54855828	3	54850487;54852249;54852264	0.981308
HG00741	1	chr19	KIR3DL2.072	KIR3DL2*null	NA	NA	107	105	54853888;54853899	3	54850487;54852249;54852264	0.981308
HG00741	1	chr19	KIR3DL2.073	KIR3DL2*null	NA	NA	107	105	54852081;54853888	3	54850487;54852249;54852264	0.981308
HG00741	1	chr19	KIR3DL2.07902	KIR3DL2*null	NA	NA	107	105	54853816;54853888	3	54850487;54852249;54852264	0.981308
HG00741	1	chr19	KIR3DL2.080	KIR3DL2*null	NA	NA	107	105	54852120;54853888	3	54850487;54852249;54852264	0.981308
HG00741	1	chr19	KIR3DL2.085	KIR3DL2*null	NA	NA	107	105	54853888;54866556	3	54850487;54852249;54852264	0.981308
HG00741	1	chr19	KIR3DL2.087	KIR3DL2*null	NA	NA	107	105	54853888;54853983	3	54850487;54852249;54852264	0.981308
HG00741	1	chr19	KIR3DL2.096	KIR3DL2*null	NA	NA	107	105	54853888;54866697	3	54850487;54852249;54852264	0.981308
HG00741	1	chr19	KIR3DL2.10002	KIR3DL2*null	NA	NA	107	105	54850501;54853888	3	54850487;54852249;54852264	0.981308
HG00741	1	chr19	KIR3DL2.102	KIR3DL2*null	NA	NA	107	105	54853865;54853888	3	54850487;54852249;54852264	0.981308
HG00741	1	chr19	KIR3DL2.10801	KIR3DL2*null	NA	NA	107	105	54853888;54866628	3	54850487;54852249;54852264	0.981308
HG00741	1	chr19	KIR3DL2.109	KIR3DL2*null	NA	NA	107	105	54852049;54853888	3	54850487;54852249;54852264	0.981308
HG00741	1	chr19	KIR3DL2.116	KIR3DL2*null	NA	NA	107	105	54853888;54859100	3	54850487;54852249;54852264	0.981308
HG00741	1	chr19	KIR3DL2.117	KIR3DL2*null	NA	NA	107	105	54853888;54866642	3	54850487;54852249;54852264	0.981308
