Sample	Copy_number	Chr	Allele_A	Allele_B	Allele_C	Allele_D	Tested_genotypes	Valid_genotypes	Error_list	Missed_genotypes	Missed_list	Ratio
NA19030	1	chr19	KIR3DL1.05901	KIR3DL1*null	NA	NA	101	101	none	16	54829364;54829368;54829380;54829386;54829408;54829441;54829451;54829464;54829934;54829941;54829944;54829947;54829952;54829956;54829970;54830120	1.000000
NA19030	1	chr19	KIR3DL1.05902	KIR3DL1*null	NA	NA	101	100	54819831	16	54829364;54829368;54829380;54829386;54829408;54829441;54829451;54829464;54829934;54829941;54829944;54829947;54829952;54829956;54829970;54830120	0.990099
NA19030	1	chr19	KIR3DL1.060	KIR3DL1*null	NA	NA	101	100	54830184	16	54829364;54829368;54829380;54829386;54829408;54829441;54829451;54829464;54829934;54829941;54829944;54829947;54829952;54829956;54829970;54830120	0.990099
NA19030	1	chr19	KIR3DL1.064	KIR3DL1*null	NA	NA	99	98	54819869	16	54829364;54829368;54829380;54829386;54829408;54829441;54829451;54829464;54829934;54829941;54829944;54829947;54829952;54829956;54829970;54830120	0.989899
NA19030	1	chr19	KIR3DL1.065	KIR3DL1*null	NA	NA	101	100	54818467	16	54829364;54829368;54829380;54829386;54829408;54829441;54829451;54829464;54829934;54829941;54829944;54829947;54829952;54829956;54829970;54830120	0.990099
NA19030	1	chr19	KIR3DL1.098	KIR3DL1*null	NA	NA	101	100	54821750	16	54829364;54829368;54829380;54829386;54829408;54829441;54829451;54829464;54829934;54829941;54829944;54829947;54829952;54829956;54829970;54830120	0.990099
NA19030	1	chr19	KIR3DL1.061	KIR3DL1*null	NA	NA	101	99	54821830;54830153	16	54829364;54829368;54829380;54829386;54829408;54829441;54829451;54829464;54829934;54829941;54829944;54829947;54829952;54829956;54829970;54830120	0.980198
NA19030	1	chr19	KIR3DL1.073	KIR3DL1*null	NA	NA	99	91	54818359;54819964;54821830;54830131;54830160;54830175;54830205;54830217	16	54829364;54829368;54829380;54829386;54829408;54829441;54829451;54829464;54829934;54829941;54829944;54829947;54829952;54829956;54829970;54830120	0.919192
NA19030	1	chr19	KIR3DL1.0050101	KIR3DL1*null	NA	NA	101	92	54819964;54821830;54830131;54830160;54830175;54830205;54830217;54830243;54830273	16	54829364;54829368;54829380;54829386;54829408;54829441;54829451;54829464;54829934;54829941;54829944;54829947;54829952;54829956;54829970;54830120	0.910891
NA19030	1	chr19	KIR3DL1.0050103	KIR3DL1*null	NA	NA	101	92	54819964;54821830;54830131;54830160;54830175;54830205;54830217;54830243;54830273	16	54829364;54829368;54829380;54829386;54829408;54829441;54829451;54829464;54829934;54829941;54829944;54829947;54829952;54829956;54829970;54830120	0.910891
NA19030	1	chr19	KIR3DL1.0050106	KIR3DL1*null	NA	NA	101	92	54819964;54821830;54830131;54830160;54830175;54830205;54830217;54830243;54830273	16	54829364;54829368;54829380;54829386;54829408;54829441;54829451;54829464;54829934;54829941;54829944;54829947;54829952;54829956;54829970;54830120	0.910891
NA19030	1	chr19	KIR3DL1.041	KIR3DL1*null	NA	NA	101	92	54819964;54821830;54830131;54830160;54830175;54830205;54830217;54830243;54830273	16	54829364;54829368;54829380;54829386;54829408;54829441;54829451;54829464;54829934;54829941;54829944;54829947;54829952;54829956;54829970;54830120	0.910891
NA19030	1	chr19	KIR3DL1.057	KIR3DL1*null	NA	NA	82	73	54818328;54818367;54818446;54818479;54818581;54819853;54821791;54821820;54821830	0	none	0.890244
NA19030	1	chr19	KIR3DL1.075	KIR3DL1*null	NA	NA	101	92	54819963;54821830;54830131;54830160;54830175;54830205;54830217;54830243;54830273	16	54829364;54829368;54829380;54829386;54829408;54829441;54829451;54829464;54829934;54829941;54829944;54829947;54829952;54829956;54829970;54830120	0.910891
NA19030	1	chr19	KIR3DL1.109	KIR3DL1*null	NA	NA	101	92	54819964;54821830;54830131;54830160;54830175;54830205;54830217;54830243;54830273	16	54829364;54829368;54829380;54829386;54829408;54829441;54829451;54829464;54829934;54829941;54829944;54829947;54829952;54829956;54829970;54830120	0.910891
NA19030	1	chr19	KIR3DL1.0010101	KIR3DL1*null	NA	NA	101	91	54821791;54821820;54821830;54830131;54830160;54830175;54830205;54830217;54830243;54830273	16	54829364;54829368;54829380;54829386;54829408;54829441;54829451;54829464;54829934;54829941;54829944;54829947;54829952;54829956;54829970;54830120	0.900990
NA19030	1	chr19	KIR3DL1.0010103	KIR3DL1*null	NA	NA	101	91	54821791;54821820;54821830;54830131;54830160;54830175;54830205;54830217;54830243;54830273	16	54829364;54829368;54829380;54829386;54829408;54829441;54829451;54829464;54829934;54829941;54829944;54829947;54829952;54829956;54829970;54830120	0.900990
NA19030	1	chr19	KIR3DL1.0010104	KIR3DL1*null	NA	NA	101	91	54821791;54821820;54821830;54830131;54830160;54830175;54830205;54830217;54830243;54830273	16	54829364;54829368;54829380;54829386;54829408;54829441;54829451;54829464;54829934;54829941;54829944;54829947;54829952;54829956;54829970;54830120	0.900990
NA19030	1	chr19	KIR3DL1.0010105	KIR3DL1*null	NA	NA	101	91	54821791;54821820;54821830;54830131;54830160;54830175;54830205;54830217;54830243;54830273	16	54829364;54829368;54829380;54829386;54829408;54829441;54829451;54829464;54829934;54829941;54829944;54829947;54829952;54829956;54829970;54830120	0.900990
NA19030	1	chr19	KIR3DL1.0010106	KIR3DL1*null	NA	NA	101	91	54821791;54821820;54821830;54830131;54830160;54830175;54830205;54830217;54830243;54830273	16	54829364;54829368;54829380;54829386;54829408;54829441;54829451;54829464;54829934;54829941;54829944;54829947;54829952;54829956;54829970;54830120	0.900990
NA19030	1	chr19	KIR3DL1.00502	KIR3DL1*null	NA	NA	101	91	54819964;54819981;54821830;54830131;54830160;54830175;54830205;54830217;54830243;54830273	16	54829364;54829368;54829380;54829386;54829408;54829441;54829451;54829464;54829934;54829941;54829944;54829947;54829952;54829956;54829970;54830120	0.900990
NA19030	1	chr19	KIR3DL1.00503	KIR3DL1*null	NA	NA	101	91	54819933;54819964;54821830;54830131;54830160;54830175;54830205;54830217;54830243;54830273	16	54829364;54829368;54829380;54829386;54829408;54829441;54829451;54829464;54829934;54829941;54829944;54829947;54829952;54829956;54829970;54830120	0.900990
NA19030	1	chr19	KIR3DL1.00504	KIR3DL1*null	NA	NA	101	91	54819750;54819964;54821830;54830131;54830160;54830175;54830205;54830217;54830243;54830273	16	54829364;54829368;54829380;54829386;54829408;54829441;54829451;54829464;54829934;54829941;54829944;54829947;54829952;54829956;54829970;54830120	0.900990
NA19030	1	chr19	KIR3DL1.00505	KIR3DL1*null	NA	NA	101	91	54819900;54819964;54821830;54830131;54830160;54830175;54830205;54830217;54830243;54830273	16	54829364;54829368;54829380;54829386;54829408;54829441;54829451;54829464;54829934;54829941;54829944;54829947;54829952;54829956;54829970;54830120	0.900990
NA19030	1	chr19	KIR3DL1.044	KIR3DL1*null	NA	NA	101	91	54818318;54819964;54821830;54830131;54830160;54830175;54830205;54830217;54830243;54830273	16	54829364;54829368;54829380;54829386;54829408;54829441;54829451;54829464;54829934;54829941;54829944;54829947;54829952;54829956;54829970;54830120	0.900990
NA19030	1	chr19	KIR3DL1.053	KIR3DL1*null	NA	NA	101	91	54818359;54819964;54821830;54830131;54830160;54830175;54830205;54830217;54830243;54830273	16	54829364;54829368;54829380;54829386;54829408;54829441;54829451;54829464;54829934;54829941;54829944;54829947;54829952;54829956;54829970;54830120	0.900990
NA19030	1	chr19	KIR3DL1.067	KIR3DL1*null	NA	NA	101	91	54821791;54821820;54821830;54830131;54830160;54830175;54830205;54830217;54830243;54830273	16	54829364;54829368;54829380;54829386;54829408;54829441;54829451;54829464;54829934;54829941;54829944;54829947;54829952;54829956;54829970;54830120	0.900990
NA19030	1	chr19	KIR3DL1.087	KIR3DL1*null	NA	NA	101	91	54819964;54821830;54830131;54830136;54830160;54830175;54830205;54830217;54830243;54830273	16	54829364;54829368;54829380;54829386;54829408;54829441;54829451;54829464;54829934;54829941;54829944;54829947;54829952;54829956;54829970;54830120	0.900990
NA19030	1	chr19	KIR3DL1.097	KIR3DL1*null	NA	NA	101	91	54819964;54821830;54830131;54830160;54830175;54830186;54830205;54830217;54830243;54830273	16	54829364;54829368;54829380;54829386;54829408;54829441;54829451;54829464;54829934;54829941;54829944;54829947;54829952;54829956;54829970;54830120	0.900990
NA19030	1	chr19	KIR3DL1.099	KIR3DL1*null	NA	NA	101	91	54819802;54819964;54821830;54830131;54830160;54830175;54830205;54830217;54830243;54830273	16	54829364;54829368;54829380;54829386;54829408;54829441;54829451;54829464;54829934;54829941;54829944;54829947;54829952;54829956;54829970;54830120	0.900990
NA19030	1	chr19	KIR3DL1.115	KIR3DL1*null	NA	NA	101	91	54819964;54821727;54821830;54830131;54830160;54830175;54830205;54830217;54830243;54830273	16	54829364;54829368;54829380;54829386;54829408;54829441;54829451;54829464;54829934;54829941;54829944;54829947;54829952;54829956;54829970;54830120	0.900990
NA19030	1	chr19	KIR3DL1.118	KIR3DL1*null	NA	NA	101	91	54821791;54821820;54821830;54830131;54830160;54830175;54830205;54830217;54830243;54830273	16	54829364;54829368;54829380;54829386;54829408;54829441;54829451;54829464;54829934;54829941;54829944;54829947;54829952;54829956;54829970;54830120	0.900990
NA19030	1	chr19	KIR3DL1.120	KIR3DL1*null	NA	NA	101	91	54816505;54819964;54821830;54830131;54830160;54830175;54830205;54830217;54830243;54830273	16	54829364;54829368;54829380;54829386;54829408;54829441;54829451;54829464;54829934;54829941;54829944;54829947;54829952;54829956;54829970;54830120	0.900990
