Sample	Copy_number	Chr	Allele_A	Allele_B	Allele_C	Allele_D	Tested_genotypes	Valid_genotypes	Error_list	Missed_genotypes	Missed_list	Ratio
HG02055	2	chr19	KIR2DP1.00101	KIR2DP1.00101	NA	NA	20	17	54760441;54760546;54760584	0	none	0.850000
HG02055	2	chr19	KIR2DP1.00101	KIR2DP1.006	NA	NA	34	30	54755044;54760441;54760546;54760584	0	none	0.882353
HG02055	2	chr19	KIR2DP1.00101	KIR2DP1.010	NA	NA	34	30	54755044;54760546;54760584;54763935	0	none	0.882353
HG02055	2	chr19	KIR2DP1.006	KIR2DP1.006	NA	NA	34	30	54755044;54760441;54760679;54767288	0	none	0.882353
HG02055	2	chr19	KIR2DP1.006	KIR2DP1.010	NA	NA	34	30	54755044;54760679;54763935;54767288	0	none	0.882353
HG02055	2	chr19	KIR2DP1.00101	KIR2DP1.0010201	NA	NA	34	29	54755044;54760441;54760546;54760584;54767094	0	none	0.852941
HG02055	2	chr19	KIR2DP1.00103	KIR2DP1.010	NA	NA	34	29	54755044;54760679;54763935;54767273;54767288	0	none	0.852941
HG02055	2	chr19	KIR2DP1.010	KIR2DP1.010	NA	NA	34	29	54755044;54760441;54760679;54763935;54767288	0	none	0.852941
HG02055	2	chr19	KIR2DP1.00101	KIR2DP1.00103	NA	NA	34	28	54755044;54760441;54760546;54760584;54763935;54767273	0	none	0.823529
HG02055	2	chr19	KIR2DP1.00101	KIR2DP1.011	NA	NA	34	28	54755044;54760441;54760546;54760584;54760637;54767094	0	none	0.823529
HG02055	2	chr19	KIR2DP1.00101	KIR2DP1.012	NA	NA	34	28	54755044;54758647;54760441;54760546;54760584;54767094	0	none	0.823529
HG02055	2	chr19	KIR2DP1.00101	KIR2DP1.015	NA	NA	34	28	54755044;54760441;54760546;54760562;54760584;54767094	0	none	0.823529
HG02055	2	chr19	KIR2DP1.0010201	KIR2DP1.0010201	NA	NA	34	28	54755044;54760441;54760546;54760679;54767094;54767288	0	none	0.823529
HG02055	2	chr19	KIR2DP1.0010201	KIR2DP1.006	NA	NA	34	28	54755044;54760441;54760546;54760679;54767094;54767288	0	none	0.823529
HG02055	2	chr19	KIR2DP1.0010201	KIR2DP1.010	NA	NA	34	28	54755044;54760546;54760679;54763935;54767094;54767288	0	none	0.823529
HG02055	2	chr19	KIR2DP1.00103	KIR2DP1.00103	NA	NA	34	28	54755044;54760441;54760679;54763935;54767273;54767288	0	none	0.823529
HG02055	2	chr19	KIR2DP1.00103	KIR2DP1.006	NA	NA	34	28	54755044;54760441;54760679;54763935;54767273;54767288	0	none	0.823529
HG02055	2	chr19	KIR2DP1.00101	KIR2DP1.018	NA	NA	34	27	54755044;54760441;54760475;54760546;54760584;54766497;54767094	0	none	0.794118
HG02055	2	chr19	KIR2DP1.0010201	KIR2DP1.011	NA	NA	34	27	54755044;54760441;54760546;54760637;54760679;54767094;54767288	0	none	0.794118
HG02055	2	chr19	KIR2DP1.0010201	KIR2DP1.015	NA	NA	34	27	54755044;54760441;54760546;54760562;54760679;54767094;54767288	0	none	0.794118
HG02055	2	chr19	KIR2DP1.006	KIR2DP1.011	NA	NA	34	27	54755044;54760441;54760546;54760637;54760679;54767094;54767288	0	none	0.794118
HG02055	2	chr19	KIR2DP1.006	KIR2DP1.015	NA	NA	34	27	54755044;54760441;54760546;54760562;54760679;54767094;54767288	0	none	0.794118
HG02055	2	chr19	KIR2DP1.010	KIR2DP1.011	NA	NA	34	27	54755044;54760546;54760637;54760679;54763935;54767094;54767288	0	none	0.794118
HG02055	2	chr19	KIR2DP1.010	KIR2DP1.015	NA	NA	34	27	54755044;54760546;54760562;54760679;54763935;54767094;54767288	0	none	0.794118
HG02055	2	chr19	KIR2DP1.011	KIR2DP1.011	NA	NA	34	27	54755044;54760441;54760546;54760637;54760679;54767094;54767288	0	none	0.794118
HG02055	2	chr19	KIR2DP1.015	KIR2DP1.015	NA	NA	34	27	54755044;54760441;54760546;54760562;54760679;54767094;54767288	0	none	0.794118
HG02055	2	chr19	KIR2DP1.00101	KIR2DP1.0030101	NA	NA	34	26	54758726;54758731;54758777;54760441;54760546;54760584;54763935;54767353	0	none	0.764706
HG02055	2	chr19	KIR2DP1.00101	KIR2DP1.021	NA	NA	34	26	54758726;54758731;54758777;54760441;54760546;54760584;54763935;54767273	0	none	0.764706
HG02055	2	chr19	KIR2DP1.0010201	KIR2DP1.00103	NA	NA	34	26	54755044;54760441;54760546;54760679;54763935;54767094;54767273;54767288	0	none	0.764706
HG02055	2	chr19	KIR2DP1.0010201	KIR2DP1.012	NA	NA	34	26	54755044;54758647;54760441;54760546;54760584;54760679;54767094;54767288	0	none	0.764706
HG02055	2	chr19	KIR2DP1.0010201	KIR2DP1.018	NA	NA	34	26	54755044;54760441;54760475;54760546;54760679;54766497;54767094;54767288	0	none	0.764706
HG02055	2	chr19	KIR2DP1.0030101	KIR2DP1.0030101	NA	NA	34	26	54758726;54758731;54758777;54760441;54760679;54763935;54767288;54767353	0	none	0.764706
HG02055	2	chr19	KIR2DP1.0030101	KIR2DP1.010	NA	NA	34	26	54755044;54758726;54758731;54758777;54760679;54763935;54767288;54767353	0	none	0.764706
HG02055	2	chr19	KIR2DP1.006	KIR2DP1.012	NA	NA	34	26	54755044;54758647;54760441;54760546;54760584;54760679;54767094;54767288	0	none	0.764706
HG02055	2	chr19	KIR2DP1.006	KIR2DP1.018	NA	NA	34	26	54755044;54760441;54760475;54760546;54760679;54766497;54767094;54767288	0	none	0.764706
HG02055	2	chr19	KIR2DP1.010	KIR2DP1.012	NA	NA	34	26	54755044;54758647;54760546;54760584;54760679;54763935;54767094;54767288	0	none	0.764706
HG02055	2	chr19	KIR2DP1.010	KIR2DP1.018	NA	NA	34	26	54755044;54760475;54760546;54760679;54763935;54766497;54767094;54767288	0	none	0.764706
HG02055	2	chr19	KIR2DP1.010	KIR2DP1.021	NA	NA	34	26	54755044;54758726;54758731;54758777;54760679;54763935;54767273;54767288	0	none	0.764706
HG02055	2	chr19	KIR2DP1.011	KIR2DP1.015	NA	NA	34	26	54755044;54760441;54760546;54760562;54760637;54760679;54767094;54767288	0	none	0.764706
HG02055	2	chr19	KIR2DP1.012	KIR2DP1.012	NA	NA	34	26	54755044;54758647;54760441;54760546;54760584;54760679;54767094;54767288	0	none	0.764706
HG02055	2	chr19	KIR2DP1.018	KIR2DP1.018	NA	NA	34	26	54755044;54760441;54760475;54760546;54760679;54766497;54767094;54767288	0	none	0.764706
HG02055	2	chr19	KIR2DP1.021	KIR2DP1.021	NA	NA	34	26	54758726;54758731;54758777;54760441;54760679;54763935;54767273;54767288	0	none	0.764706
HG02055	2	chr19	KIR2DP1.00101	KIR2DP1.004	NA	NA	34	25	54758726;54758731;54758777;54760441;54760492;54760546;54760584;54763935;54767353	0	none	0.735294
HG02055	2	chr19	KIR2DP1.00101	KIR2DP1.016	NA	NA	34	25	54758726;54758731;54758777;54760441;54760546;54760584;54763935;54766542;54767309	0	none	0.735294
HG02055	2	chr19	KIR2DP1.00101	KIR2DP1.024	NA	NA	34	25	54758726;54758731;54758777;54760441;54760546;54760584;54763935;54766497;54766542	0	none	0.735294
HG02055	2	chr19	KIR2DP1.00103	KIR2DP1.011	NA	NA	34	25	54755044;54760441;54760546;54760637;54760679;54763935;54767094;54767273;54767288	0	none	0.735294
HG02055	2	chr19	KIR2DP1.00103	KIR2DP1.015	NA	NA	34	25	54755044;54760441;54760546;54760562;54760679;54763935;54767094;54767273;54767288	0	none	0.735294
HG02055	2	chr19	KIR2DP1.00103	KIR2DP1.021	NA	NA	34	25	54755044;54758726;54758731;54758777;54760441;54760679;54763935;54767273;54767288	0	none	0.735294
HG02055	2	chr19	KIR2DP1.0020101	KIR2DP1.010	NA	NA	34	25	54755044;54758703;54758726;54758731;54758777;54760679;54763935;54767288;54767353	0	none	0.735294
HG02055	2	chr19	KIR2DP1.0020102	KIR2DP1.010	NA	NA	34	25	54755044;54758703;54758726;54758731;54758777;54760679;54763935;54767288;54767353	0	none	0.735294
HG02055	2	chr19	KIR2DP1.0020104	KIR2DP1.010	NA	NA	34	25	54755044;54758703;54758726;54758731;54758777;54760679;54763935;54767288;54767353	0	none	0.735294
HG02055	2	chr19	KIR2DP1.0020105	KIR2DP1.010	NA	NA	34	25	54755044;54758703;54758726;54758731;54758777;54760679;54763935;54767288;54767353	0	none	0.735294
HG02055	2	chr19	KIR2DP1.0020110	KIR2DP1.010	NA	NA	34	25	54755044;54758703;54758726;54758731;54758777;54760679;54763935;54767288;54767353	0	none	0.735294
HG02055	2	chr19	KIR2DP1.0030101	KIR2DP1.004	NA	NA	34	25	54758726;54758731;54758777;54760441;54760492;54760679;54763935;54767288;54767353	0	none	0.735294
HG02055	2	chr19	KIR2DP1.0030101	KIR2DP1.006	NA	NA	34	25	54755044;54758726;54758731;54758777;54760441;54760679;54763935;54767288;54767353	0	none	0.735294
HG02055	2	chr19	KIR2DP1.0030101	KIR2DP1.020	NA	NA	34	25	54758726;54758731;54758777;54760441;54760679;54763935;54766561;54767288;54767353	0	none	0.735294
HG02055	2	chr19	KIR2DP1.0030101	KIR2DP1.021	NA	NA	34	25	54758726;54758731;54758777;54760441;54760679;54763935;54767273;54767288;54767353	0	none	0.735294
HG02055	2	chr19	KIR2DP1.004	KIR2DP1.004	NA	NA	34	25	54758726;54758731;54758777;54760441;54760492;54760679;54763935;54767288;54767353	0	none	0.735294
HG02055	2	chr19	KIR2DP1.004	KIR2DP1.010	NA	NA	34	25	54755044;54758726;54758731;54758777;54760492;54760679;54763935;54767288;54767353	0	none	0.735294
HG02055	2	chr19	KIR2DP1.006	KIR2DP1.021	NA	NA	34	25	54755044;54758726;54758731;54758777;54760441;54760679;54763935;54767273;54767288	0	none	0.735294
HG02055	2	chr19	KIR2DP1.010	KIR2DP1.016	NA	NA	34	25	54755044;54758726;54758731;54758777;54760679;54763935;54766542;54767288;54767309	0	none	0.735294
HG02055	2	chr19	KIR2DP1.010	KIR2DP1.020	NA	NA	34	25	54755044;54758726;54758731;54758777;54760679;54763935;54766561;54767288;54767353	0	none	0.735294
HG02055	2	chr19	KIR2DP1.010	KIR2DP1.022	NA	NA	34	25	54755044;54758703;54758726;54758731;54758777;54760679;54763935;54767273;54767288	0	none	0.735294
HG02055	2	chr19	KIR2DP1.010	KIR2DP1.024	NA	NA	34	25	54755044;54758726;54758731;54758777;54760679;54763935;54766497;54766542;54767288	0	none	0.735294
HG02055	2	chr19	KIR2DP1.011	KIR2DP1.012	NA	NA	34	25	54755044;54758647;54760441;54760546;54760584;54760637;54760679;54767094;54767288	0	none	0.735294
HG02055	2	chr19	KIR2DP1.011	KIR2DP1.018	NA	NA	34	25	54755044;54760441;54760475;54760546;54760637;54760679;54766497;54767094;54767288	0	none	0.735294
HG02055	2	chr19	KIR2DP1.012	KIR2DP1.015	NA	NA	34	25	54755044;54758647;54760441;54760546;54760562;54760584;54760679;54767094;54767288	0	none	0.735294
HG02055	2	chr19	KIR2DP1.015	KIR2DP1.018	NA	NA	34	25	54755044;54760441;54760475;54760546;54760562;54760679;54766497;54767094;54767288	0	none	0.735294
HG02055	2	chr19	KIR2DP1.016	KIR2DP1.016	NA	NA	34	25	54758726;54758731;54758777;54760441;54760679;54763935;54766542;54767288;54767309	0	none	0.735294
HG02055	2	chr19	KIR2DP1.020	KIR2DP1.020	NA	NA	34	25	54758726;54758731;54758777;54760441;54760679;54763935;54766561;54767288;54767353	0	none	0.735294
HG02055	2	chr19	KIR2DP1.024	KIR2DP1.024	NA	NA	34	25	54758726;54758731;54758777;54760441;54760679;54763935;54766497;54766542;54767288	0	none	0.735294
HG02055	2	chr19	KIR2DP1.00101	KIR2DP1.0020101	NA	NA	34	24	54755044;54758703;54758726;54758731;54758777;54760441;54760546;54760584;54763935;54767353	0	none	0.705882
HG02055	2	chr19	KIR2DP1.00101	KIR2DP1.0020102	NA	NA	34	24	54755044;54758703;54758726;54758731;54758777;54760441;54760546;54760584;54763935;54767353	0	none	0.705882
HG02055	2	chr19	KIR2DP1.00101	KIR2DP1.0020104	NA	NA	34	24	54755044;54758703;54758726;54758731;54758777;54760441;54760546;54760584;54763935;54767353	0	none	0.705882
HG02055	2	chr19	KIR2DP1.00101	KIR2DP1.0020105	NA	NA	34	24	54755044;54758703;54758726;54758731;54758777;54760441;54760546;54760584;54763935;54767353	0	none	0.705882
HG02055	2	chr19	KIR2DP1.00101	KIR2DP1.0020110	NA	NA	34	24	54755044;54758703;54758726;54758731;54758777;54760441;54760546;54760584;54763935;54767353	0	none	0.705882
HG02055	2	chr19	KIR2DP1.00101	KIR2DP1.007	NA	NA	34	24	54758726;54758731;54758777;54760441;54760546;54760584;54760596;54763935;54766480;54767353	0	none	0.705882
HG02055	2	chr19	KIR2DP1.00101	KIR2DP1.013	NA	NA	34	24	54758726;54758731;54758746;54758777;54760441;54760546;54760584;54763935;54767259;54767353	0	none	0.705882
HG02055	2	chr19	KIR2DP1.00101	KIR2DP1.020	NA	NA	34	24	54758726;54758731;54758777;54760441;54760546;54760584;54763935;54766561;54767288;54767353	0	none	0.705882
HG02055	2	chr19	KIR2DP1.00101	KIR2DP1.022	NA	NA	34	24	54755044;54758703;54758726;54758731;54758777;54760441;54760546;54760584;54763935;54767273	0	none	0.705882
HG02055	2	chr19	KIR2DP1.00103	KIR2DP1.0030101	NA	NA	34	24	54755044;54758726;54758731;54758777;54760441;54760679;54763935;54767273;54767288;54767353	0	none	0.705882
HG02055	2	chr19	KIR2DP1.00103	KIR2DP1.012	NA	NA	34	24	54755044;54758647;54760441;54760546;54760584;54760679;54763935;54767094;54767273;54767288	0	none	0.705882
HG02055	2	chr19	KIR2DP1.00103	KIR2DP1.018	NA	NA	34	24	54755044;54760441;54760475;54760546;54760679;54763935;54766497;54767094;54767273;54767288	0	none	0.705882
HG02055	2	chr19	KIR2DP1.00103	KIR2DP1.022	NA	NA	34	24	54755044;54758703;54758726;54758731;54758777;54760441;54760679;54763935;54767273;54767288	0	none	0.705882
HG02055	2	chr19	KIR2DP1.0020101	KIR2DP1.0020101	NA	NA	34	24	54755044;54758703;54758726;54758731;54758777;54760441;54760679;54763935;54767288;54767353	0	none	0.705882
HG02055	2	chr19	KIR2DP1.0020101	KIR2DP1.0020102	NA	NA	34	24	54755044;54758703;54758726;54758731;54758777;54760441;54760679;54763935;54767288;54767353	0	none	0.705882
HG02055	2	chr19	KIR2DP1.0020101	KIR2DP1.0020104	NA	NA	34	24	54755044;54758703;54758726;54758731;54758777;54760441;54760679;54763935;54767288;54767353	0	none	0.705882
HG02055	2	chr19	KIR2DP1.0020101	KIR2DP1.0020105	NA	NA	34	24	54755044;54758703;54758726;54758731;54758777;54760441;54760679;54763935;54767288;54767353	0	none	0.705882
HG02055	2	chr19	KIR2DP1.0020101	KIR2DP1.0020110	NA	NA	34	24	54755044;54758703;54758726;54758731;54758777;54760441;54760679;54763935;54767288;54767353	0	none	0.705882
HG02055	2	chr19	KIR2DP1.0020101	KIR2DP1.0030101	NA	NA	34	24	54755044;54758703;54758726;54758731;54758777;54760441;54760679;54763935;54767288;54767353	0	none	0.705882
HG02055	2	chr19	KIR2DP1.0020101	KIR2DP1.006	NA	NA	34	24	54755044;54758703;54758726;54758731;54758777;54760441;54760679;54763935;54767288;54767353	0	none	0.705882
HG02055	2	chr19	KIR2DP1.0020102	KIR2DP1.0020102	NA	NA	34	24	54755044;54758703;54758726;54758731;54758777;54760441;54760679;54763935;54767288;54767353	0	none	0.705882
HG02055	2	chr19	KIR2DP1.0020102	KIR2DP1.0020104	NA	NA	34	24	54755044;54758703;54758726;54758731;54758777;54760441;54760679;54763935;54767288;54767353	0	none	0.705882
HG02055	2	chr19	KIR2DP1.0020102	KIR2DP1.0020105	NA	NA	34	24	54755044;54758703;54758726;54758731;54758777;54760441;54760679;54763935;54767288;54767353	0	none	0.705882
HG02055	2	chr19	KIR2DP1.0020102	KIR2DP1.0020110	NA	NA	34	24	54755044;54758703;54758726;54758731;54758777;54760441;54760679;54763935;54767288;54767353	0	none	0.705882
HG02055	2	chr19	KIR2DP1.0020102	KIR2DP1.0030101	NA	NA	34	24	54755044;54758703;54758726;54758731;54758777;54760441;54760679;54763935;54767288;54767353	0	none	0.705882
HG02055	2	chr19	KIR2DP1.0020102	KIR2DP1.006	NA	NA	34	24	54755044;54758703;54758726;54758731;54758777;54760441;54760679;54763935;54767288;54767353	0	none	0.705882
HG02055	2	chr19	KIR2DP1.0020104	KIR2DP1.0020104	NA	NA	34	24	54755044;54758703;54758726;54758731;54758777;54760441;54760679;54763935;54767288;54767353	0	none	0.705882
HG02055	2	chr19	KIR2DP1.0020104	KIR2DP1.0020105	NA	NA	34	24	54755044;54758703;54758726;54758731;54758777;54760441;54760679;54763935;54767288;54767353	0	none	0.705882
HG02055	2	chr19	KIR2DP1.0020104	KIR2DP1.0020110	NA	NA	34	24	54755044;54758703;54758726;54758731;54758777;54760441;54760679;54763935;54767288;54767353	0	none	0.705882
HG02055	2	chr19	KIR2DP1.0020104	KIR2DP1.0030101	NA	NA	34	24	54755044;54758703;54758726;54758731;54758777;54760441;54760679;54763935;54767288;54767353	0	none	0.705882
HG02055	2	chr19	KIR2DP1.0020104	KIR2DP1.006	NA	NA	34	24	54755044;54758703;54758726;54758731;54758777;54760441;54760679;54763935;54767288;54767353	0	none	0.705882
HG02055	2	chr19	KIR2DP1.0020105	KIR2DP1.0020105	NA	NA	34	24	54755044;54758703;54758726;54758731;54758777;54760441;54760679;54763935;54767288;54767353	0	none	0.705882
HG02055	2	chr19	KIR2DP1.0020105	KIR2DP1.0020110	NA	NA	34	24	54755044;54758703;54758726;54758731;54758777;54760441;54760679;54763935;54767288;54767353	0	none	0.705882
HG02055	2	chr19	KIR2DP1.0020105	KIR2DP1.0030101	NA	NA	34	24	54755044;54758703;54758726;54758731;54758777;54760441;54760679;54763935;54767288;54767353	0	none	0.705882
HG02055	2	chr19	KIR2DP1.0020105	KIR2DP1.006	NA	NA	34	24	54755044;54758703;54758726;54758731;54758777;54760441;54760679;54763935;54767288;54767353	0	none	0.705882
HG02055	2	chr19	KIR2DP1.0020110	KIR2DP1.0020110	NA	NA	34	24	54755044;54758703;54758726;54758731;54758777;54760441;54760679;54763935;54767288;54767353	0	none	0.705882
HG02055	2	chr19	KIR2DP1.0020110	KIR2DP1.0030101	NA	NA	34	24	54755044;54758703;54758726;54758731;54758777;54760441;54760679;54763935;54767288;54767353	0	none	0.705882
HG02055	2	chr19	KIR2DP1.0020110	KIR2DP1.006	NA	NA	34	24	54755044;54758703;54758726;54758731;54758777;54760441;54760679;54763935;54767288;54767353	0	none	0.705882
HG02055	2	chr19	KIR2DP1.00202	KIR2DP1.010	NA	NA	34	24	54755044;54758703;54758726;54758731;54758777;54758843;54760679;54763935;54767288;54767353	0	none	0.705882
HG02055	2	chr19	KIR2DP1.00203	KIR2DP1.010	NA	NA	34	24	54755044;54758703;54758726;54758731;54758777;54760679;54763935;54767094;54767288;54767353	0	none	0.705882
HG02055	2	chr19	KIR2DP1.00204	KIR2DP1.010	NA	NA	34	24	54755044;54758703;54758726;54758731;54758756;54758777;54760679;54763935;54767288;54767353	0	none	0.705882
HG02055	2	chr19	KIR2DP1.0030101	KIR2DP1.007	NA	NA	34	24	54758726;54758731;54758777;54760441;54760596;54760679;54763935;54766480;54767288;54767353	0	none	0.705882
HG02055	2	chr19	KIR2DP1.0030101	KIR2DP1.013	NA	NA	34	24	54758726;54758731;54758746;54758777;54760441;54760679;54763935;54767259;54767288;54767353	0	none	0.705882
HG02055	2	chr19	KIR2DP1.0030101	KIR2DP1.016	NA	NA	34	24	54758726;54758731;54758777;54760441;54760679;54763935;54766542;54767288;54767309;54767353	0	none	0.705882
HG02055	2	chr19	KIR2DP1.0030101	KIR2DP1.024	NA	NA	34	24	54758726;54758731;54758777;54760441;54760679;54763935;54766497;54766542;54767288;54767353	0	none	0.705882
HG02055	2	chr19	KIR2DP1.004	KIR2DP1.006	NA	NA	34	24	54755044;54758726;54758731;54758777;54760441;54760492;54760679;54763935;54767288;54767353	0	none	0.705882
HG02055	2	chr19	KIR2DP1.004	KIR2DP1.020	NA	NA	34	24	54758726;54758731;54758777;54760441;54760492;54760679;54763935;54766561;54767288;54767353	0	none	0.705882
HG02055	2	chr19	KIR2DP1.004	KIR2DP1.021	NA	NA	34	24	54758726;54758731;54758777;54760441;54760492;54760679;54763935;54767273;54767288;54767353	0	none	0.705882
HG02055	2	chr19	KIR2DP1.006	KIR2DP1.016	NA	NA	34	24	54755044;54758726;54758731;54758777;54760441;54760679;54763935;54766542;54767288;54767309	0	none	0.705882
HG02055	2	chr19	KIR2DP1.006	KIR2DP1.020	NA	NA	34	24	54755044;54758726;54758731;54758777;54760441;54760679;54763935;54766561;54767288;54767353	0	none	0.705882
HG02055	2	chr19	KIR2DP1.006	KIR2DP1.022	NA	NA	34	24	54755044;54758703;54758726;54758731;54758777;54760441;54760679;54763935;54767273;54767288	0	none	0.705882
HG02055	2	chr19	KIR2DP1.006	KIR2DP1.024	NA	NA	34	24	54755044;54758726;54758731;54758777;54760441;54760679;54763935;54766497;54766542;54767288	0	none	0.705882
HG02055	2	chr19	KIR2DP1.007	KIR2DP1.007	NA	NA	34	24	54758726;54758731;54758777;54760441;54760596;54760679;54763935;54766480;54767288;54767353	0	none	0.705882
HG02055	2	chr19	KIR2DP1.007	KIR2DP1.010	NA	NA	34	24	54755044;54758726;54758731;54758777;54760596;54760679;54763935;54766480;54767288;54767353	0	none	0.705882
HG02055	2	chr19	KIR2DP1.008	KIR2DP1.010	NA	NA	34	24	54755044;54758703;54758726;54758731;54758777;54760574;54760679;54763935;54767288;54767353	0	none	0.705882
HG02055	2	chr19	KIR2DP1.009	KIR2DP1.010	NA	NA	34	24	54755044;54758726;54758731;54758777;54760679;54760682;54763935;54766542;54767288;54767353	0	none	0.705882
HG02055	2	chr19	KIR2DP1.010	KIR2DP1.013	NA	NA	34	24	54755044;54758726;54758731;54758746;54758777;54760679;54763935;54767259;54767288;54767353	0	none	0.705882
HG02055	2	chr19	KIR2DP1.010	KIR2DP1.017	NA	NA	34	24	54755044;54758703;54758726;54758731;54758777;54758788;54760679;54763935;54767288;54767353	0	none	0.705882
HG02055	2	chr19	KIR2DP1.010	KIR2DP1.019	NA	NA	34	24	54755044;54758703;54758726;54758731;54758777;54760658;54760679;54763935;54767288;54767353	0	none	0.705882
HG02055	2	chr19	KIR2DP1.012	KIR2DP1.018	NA	NA	34	24	54755044;54758647;54760441;54760475;54760546;54760584;54760679;54766497;54767094;54767288	0	none	0.705882
HG02055	2	chr19	KIR2DP1.013	KIR2DP1.013	NA	NA	34	24	54758726;54758731;54758746;54758777;54760441;54760679;54763935;54767259;54767288;54767353	0	none	0.705882
HG02055	2	chr19	KIR2DP1.016	KIR2DP1.021	NA	NA	34	24	54758726;54758731;54758777;54760441;54760679;54763935;54766542;54767273;54767288;54767309	0	none	0.705882
HG02055	2	chr19	KIR2DP1.016	KIR2DP1.024	NA	NA	34	24	54758726;54758731;54758777;54760441;54760679;54763935;54766497;54766542;54767288;54767309	0	none	0.705882
HG02055	2	chr19	KIR2DP1.020	KIR2DP1.021	NA	NA	34	24	54758726;54758731;54758777;54760441;54760679;54763935;54766561;54767273;54767288;54767353	0	none	0.705882
HG02055	2	chr19	KIR2DP1.021	KIR2DP1.022	NA	NA	34	24	54755044;54758703;54758726;54758731;54758777;54760441;54760679;54763935;54767273;54767288	0	none	0.705882
HG02055	2	chr19	KIR2DP1.021	KIR2DP1.024	NA	NA	34	24	54758726;54758731;54758777;54760441;54760679;54763935;54766497;54766542;54767273;54767288	0	none	0.705882
HG02055	2	chr19	KIR2DP1.022	KIR2DP1.022	NA	NA	34	24	54755044;54758703;54758726;54758731;54758777;54760441;54760679;54763935;54767273;54767288	0	none	0.705882
HG02055	2	chr19	KIR2DP1.00101	KIR2DP1.00202	NA	NA	34	23	54755044;54758703;54758726;54758731;54758777;54758843;54760441;54760546;54760584;54763935;54767353	0	none	0.676471
HG02055	2	chr19	KIR2DP1.00101	KIR2DP1.00203	NA	NA	34	23	54755044;54758703;54758726;54758731;54758777;54760441;54760546;54760584;54763935;54767094;54767353	0	none	0.676471
HG02055	2	chr19	KIR2DP1.00101	KIR2DP1.00204	NA	NA	34	23	54755044;54758703;54758726;54758731;54758756;54758777;54760441;54760546;54760584;54763935;54767353	0	none	0.676471
HG02055	2	chr19	KIR2DP1.00101	KIR2DP1.008	NA	NA	34	23	54755044;54758703;54758726;54758731;54758777;54760441;54760546;54760574;54760584;54763935;54767353	0	none	0.676471
HG02055	2	chr19	KIR2DP1.00101	KIR2DP1.009	NA	NA	34	23	54755044;54758726;54758731;54758777;54760441;54760546;54760584;54760682;54763935;54766542;54767353	0	none	0.676471
HG02055	2	chr19	KIR2DP1.00101	KIR2DP1.017	NA	NA	34	23	54755044;54758703;54758726;54758731;54758777;54758788;54760441;54760546;54760584;54763935;54767353	0	none	0.676471
HG02055	2	chr19	KIR2DP1.00101	KIR2DP1.019	NA	NA	34	23	54755044;54758703;54758726;54758731;54758777;54760441;54760546;54760584;54760658;54763935;54767353	0	none	0.676471
HG02055	2	chr19	KIR2DP1.0010201	KIR2DP1.0030101	NA	NA	34	23	54755044;54758726;54758731;54758777;54760441;54760546;54760679;54763935;54767094;54767288;54767353	0	none	0.676471
HG02055	2	chr19	KIR2DP1.0010201	KIR2DP1.021	NA	NA	34	23	54755044;54758726;54758731;54758777;54760441;54760546;54760679;54763935;54767094;54767273;54767288	0	none	0.676471
HG02055	2	chr19	KIR2DP1.00103	KIR2DP1.0020101	NA	NA	34	23	54755044;54758703;54758726;54758731;54758777;54760441;54760679;54763935;54767273;54767288;54767353	0	none	0.676471
HG02055	2	chr19	KIR2DP1.00103	KIR2DP1.0020102	NA	NA	34	23	54755044;54758703;54758726;54758731;54758777;54760441;54760679;54763935;54767273;54767288;54767353	0	none	0.676471
HG02055	2	chr19	KIR2DP1.00103	KIR2DP1.0020104	NA	NA	34	23	54755044;54758703;54758726;54758731;54758777;54760441;54760679;54763935;54767273;54767288;54767353	0	none	0.676471
HG02055	2	chr19	KIR2DP1.00103	KIR2DP1.0020105	NA	NA	34	23	54755044;54758703;54758726;54758731;54758777;54760441;54760679;54763935;54767273;54767288;54767353	0	none	0.676471
HG02055	2	chr19	KIR2DP1.00103	KIR2DP1.0020110	NA	NA	34	23	54755044;54758703;54758726;54758731;54758777;54760441;54760679;54763935;54767273;54767288;54767353	0	none	0.676471
HG02055	2	chr19	KIR2DP1.00103	KIR2DP1.004	NA	NA	34	23	54755044;54758726;54758731;54758777;54760441;54760492;54760679;54763935;54767273;54767288;54767353	0	none	0.676471
HG02055	2	chr19	KIR2DP1.00103	KIR2DP1.016	NA	NA	34	23	54755044;54758726;54758731;54758777;54760441;54760679;54763935;54766542;54767273;54767288;54767309	0	none	0.676471
HG02055	2	chr19	KIR2DP1.00103	KIR2DP1.020	NA	NA	34	23	54755044;54758726;54758731;54758777;54760441;54760679;54763935;54766561;54767273;54767288;54767353	0	none	0.676471
HG02055	2	chr19	KIR2DP1.00103	KIR2DP1.024	NA	NA	34	23	54755044;54758726;54758731;54758777;54760441;54760679;54763935;54766497;54766542;54767273;54767288	0	none	0.676471
HG02055	2	chr19	KIR2DP1.0020101	KIR2DP1.00202	NA	NA	34	23	54755044;54758703;54758726;54758731;54758777;54758843;54760441;54760679;54763935;54767288;54767353	0	none	0.676471
HG02055	2	chr19	KIR2DP1.0020101	KIR2DP1.00203	NA	NA	34	23	54755044;54758703;54758726;54758731;54758777;54760441;54760679;54763935;54767094;54767288;54767353	0	none	0.676471
HG02055	2	chr19	KIR2DP1.0020101	KIR2DP1.00204	NA	NA	34	23	54755044;54758703;54758726;54758731;54758756;54758777;54760441;54760679;54763935;54767288;54767353	0	none	0.676471
HG02055	2	chr19	KIR2DP1.0020101	KIR2DP1.004	NA	NA	34	23	54755044;54758703;54758726;54758731;54758777;54760441;54760492;54760679;54763935;54767288;54767353	0	none	0.676471
HG02055	2	chr19	KIR2DP1.0020101	KIR2DP1.008	NA	NA	34	23	54755044;54758703;54758726;54758731;54758777;54760441;54760574;54760679;54763935;54767288;54767353	0	none	0.676471
HG02055	2	chr19	KIR2DP1.0020101	KIR2DP1.017	NA	NA	34	23	54755044;54758703;54758726;54758731;54758777;54758788;54760441;54760679;54763935;54767288;54767353	0	none	0.676471
HG02055	2	chr19	KIR2DP1.0020101	KIR2DP1.019	NA	NA	34	23	54755044;54758703;54758726;54758731;54758777;54760441;54760658;54760679;54763935;54767288;54767353	0	none	0.676471
HG02055	2	chr19	KIR2DP1.0020101	KIR2DP1.020	NA	NA	34	23	54755044;54758703;54758726;54758731;54758777;54760441;54760679;54763935;54766561;54767288;54767353	0	none	0.676471
HG02055	2	chr19	KIR2DP1.0020101	KIR2DP1.021	NA	NA	34	23	54755044;54758703;54758726;54758731;54758777;54760441;54760679;54763935;54767273;54767288;54767353	0	none	0.676471
HG02055	2	chr19	KIR2DP1.0020101	KIR2DP1.022	NA	NA	34	23	54755044;54758703;54758726;54758731;54758777;54760441;54760679;54763935;54767273;54767288;54767353	0	none	0.676471
HG02055	2	chr19	KIR2DP1.0020102	KIR2DP1.00202	NA	NA	34	23	54755044;54758703;54758726;54758731;54758777;54758843;54760441;54760679;54763935;54767288;54767353	0	none	0.676471
HG02055	2	chr19	KIR2DP1.0020102	KIR2DP1.00203	NA	NA	34	23	54755044;54758703;54758726;54758731;54758777;54760441;54760679;54763935;54767094;54767288;54767353	0	none	0.676471
HG02055	2	chr19	KIR2DP1.0020102	KIR2DP1.00204	NA	NA	34	23	54755044;54758703;54758726;54758731;54758756;54758777;54760441;54760679;54763935;54767288;54767353	0	none	0.676471
HG02055	2	chr19	KIR2DP1.0020102	KIR2DP1.004	NA	NA	34	23	54755044;54758703;54758726;54758731;54758777;54760441;54760492;54760679;54763935;54767288;54767353	0	none	0.676471
HG02055	2	chr19	KIR2DP1.0020102	KIR2DP1.008	NA	NA	34	23	54755044;54758703;54758726;54758731;54758777;54760441;54760574;54760679;54763935;54767288;54767353	0	none	0.676471
HG02055	2	chr19	KIR2DP1.0020102	KIR2DP1.017	NA	NA	34	23	54755044;54758703;54758726;54758731;54758777;54758788;54760441;54760679;54763935;54767288;54767353	0	none	0.676471
HG02055	2	chr19	KIR2DP1.0020102	KIR2DP1.019	NA	NA	34	23	54755044;54758703;54758726;54758731;54758777;54760441;54760658;54760679;54763935;54767288;54767353	0	none	0.676471
HG02055	2	chr19	KIR2DP1.0020102	KIR2DP1.020	NA	NA	34	23	54755044;54758703;54758726;54758731;54758777;54760441;54760679;54763935;54766561;54767288;54767353	0	none	0.676471
HG02055	2	chr19	KIR2DP1.0020102	KIR2DP1.021	NA	NA	34	23	54755044;54758703;54758726;54758731;54758777;54760441;54760679;54763935;54767273;54767288;54767353	0	none	0.676471
HG02055	2	chr19	KIR2DP1.0020102	KIR2DP1.022	NA	NA	34	23	54755044;54758703;54758726;54758731;54758777;54760441;54760679;54763935;54767273;54767288;54767353	0	none	0.676471
HG02055	2	chr19	KIR2DP1.0020104	KIR2DP1.00202	NA	NA	34	23	54755044;54758703;54758726;54758731;54758777;54758843;54760441;54760679;54763935;54767288;54767353	0	none	0.676471
HG02055	2	chr19	KIR2DP1.0020104	KIR2DP1.00203	NA	NA	34	23	54755044;54758703;54758726;54758731;54758777;54760441;54760679;54763935;54767094;54767288;54767353	0	none	0.676471
HG02055	2	chr19	KIR2DP1.0020104	KIR2DP1.00204	NA	NA	34	23	54755044;54758703;54758726;54758731;54758756;54758777;54760441;54760679;54763935;54767288;54767353	0	none	0.676471
HG02055	2	chr19	KIR2DP1.0020104	KIR2DP1.004	NA	NA	34	23	54755044;54758703;54758726;54758731;54758777;54760441;54760492;54760679;54763935;54767288;54767353	0	none	0.676471
HG02055	2	chr19	KIR2DP1.0020104	KIR2DP1.008	NA	NA	34	23	54755044;54758703;54758726;54758731;54758777;54760441;54760574;54760679;54763935;54767288;54767353	0	none	0.676471
HG02055	2	chr19	KIR2DP1.0020104	KIR2DP1.017	NA	NA	34	23	54755044;54758703;54758726;54758731;54758777;54758788;54760441;54760679;54763935;54767288;54767353	0	none	0.676471
HG02055	2	chr19	KIR2DP1.0020104	KIR2DP1.019	NA	NA	34	23	54755044;54758703;54758726;54758731;54758777;54760441;54760658;54760679;54763935;54767288;54767353	0	none	0.676471
HG02055	2	chr19	KIR2DP1.0020104	KIR2DP1.020	NA	NA	34	23	54755044;54758703;54758726;54758731;54758777;54760441;54760679;54763935;54766561;54767288;54767353	0	none	0.676471
HG02055	2	chr19	KIR2DP1.0020104	KIR2DP1.021	NA	NA	34	23	54755044;54758703;54758726;54758731;54758777;54760441;54760679;54763935;54767273;54767288;54767353	0	none	0.676471
HG02055	2	chr19	KIR2DP1.0020104	KIR2DP1.022	NA	NA	34	23	54755044;54758703;54758726;54758731;54758777;54760441;54760679;54763935;54767273;54767288;54767353	0	none	0.676471
HG02055	2	chr19	KIR2DP1.0020105	KIR2DP1.00202	NA	NA	34	23	54755044;54758703;54758726;54758731;54758777;54758843;54760441;54760679;54763935;54767288;54767353	0	none	0.676471
HG02055	2	chr19	KIR2DP1.0020105	KIR2DP1.00203	NA	NA	34	23	54755044;54758703;54758726;54758731;54758777;54760441;54760679;54763935;54767094;54767288;54767353	0	none	0.676471
HG02055	2	chr19	KIR2DP1.0020105	KIR2DP1.00204	NA	NA	34	23	54755044;54758703;54758726;54758731;54758756;54758777;54760441;54760679;54763935;54767288;54767353	0	none	0.676471
HG02055	2	chr19	KIR2DP1.0020105	KIR2DP1.004	NA	NA	34	23	54755044;54758703;54758726;54758731;54758777;54760441;54760492;54760679;54763935;54767288;54767353	0	none	0.676471
HG02055	2	chr19	KIR2DP1.0020105	KIR2DP1.008	NA	NA	34	23	54755044;54758703;54758726;54758731;54758777;54760441;54760574;54760679;54763935;54767288;54767353	0	none	0.676471
HG02055	2	chr19	KIR2DP1.0020105	KIR2DP1.017	NA	NA	34	23	54755044;54758703;54758726;54758731;54758777;54758788;54760441;54760679;54763935;54767288;54767353	0	none	0.676471
HG02055	2	chr19	KIR2DP1.0020105	KIR2DP1.019	NA	NA	34	23	54755044;54758703;54758726;54758731;54758777;54760441;54760658;54760679;54763935;54767288;54767353	0	none	0.676471
HG02055	2	chr19	KIR2DP1.0020105	KIR2DP1.020	NA	NA	34	23	54755044;54758703;54758726;54758731;54758777;54760441;54760679;54763935;54766561;54767288;54767353	0	none	0.676471
HG02055	2	chr19	KIR2DP1.0020105	KIR2DP1.021	NA	NA	34	23	54755044;54758703;54758726;54758731;54758777;54760441;54760679;54763935;54767273;54767288;54767353	0	none	0.676471
HG02055	2	chr19	KIR2DP1.0020105	KIR2DP1.022	NA	NA	34	23	54755044;54758703;54758726;54758731;54758777;54760441;54760679;54763935;54767273;54767288;54767353	0	none	0.676471
HG02055	2	chr19	KIR2DP1.0020110	KIR2DP1.00202	NA	NA	34	23	54755044;54758703;54758726;54758731;54758777;54758843;54760441;54760679;54763935;54767288;54767353	0	none	0.676471
HG02055	2	chr19	KIR2DP1.0020110	KIR2DP1.00203	NA	NA	34	23	54755044;54758703;54758726;54758731;54758777;54760441;54760679;54763935;54767094;54767288;54767353	0	none	0.676471
HG02055	2	chr19	KIR2DP1.0020110	KIR2DP1.00204	NA	NA	34	23	54755044;54758703;54758726;54758731;54758756;54758777;54760441;54760679;54763935;54767288;54767353	0	none	0.676471
HG02055	2	chr19	KIR2DP1.0020110	KIR2DP1.004	NA	NA	34	23	54755044;54758703;54758726;54758731;54758777;54760441;54760492;54760679;54763935;54767288;54767353	0	none	0.676471
HG02055	2	chr19	KIR2DP1.0020110	KIR2DP1.008	NA	NA	34	23	54755044;54758703;54758726;54758731;54758777;54760441;54760574;54760679;54763935;54767288;54767353	0	none	0.676471
HG02055	2	chr19	KIR2DP1.0020110	KIR2DP1.017	NA	NA	34	23	54755044;54758703;54758726;54758731;54758777;54758788;54760441;54760679;54763935;54767288;54767353	0	none	0.676471
HG02055	2	chr19	KIR2DP1.0020110	KIR2DP1.019	NA	NA	34	23	54755044;54758703;54758726;54758731;54758777;54760441;54760658;54760679;54763935;54767288;54767353	0	none	0.676471
HG02055	2	chr19	KIR2DP1.0020110	KIR2DP1.020	NA	NA	34	23	54755044;54758703;54758726;54758731;54758777;54760441;54760679;54763935;54766561;54767288;54767353	0	none	0.676471
HG02055	2	chr19	KIR2DP1.0020110	KIR2DP1.021	NA	NA	34	23	54755044;54758703;54758726;54758731;54758777;54760441;54760679;54763935;54767273;54767288;54767353	0	none	0.676471
HG02055	2	chr19	KIR2DP1.0020110	KIR2DP1.022	NA	NA	34	23	54755044;54758703;54758726;54758731;54758777;54760441;54760679;54763935;54767273;54767288;54767353	0	none	0.676471
HG02055	2	chr19	KIR2DP1.00202	KIR2DP1.00202	NA	NA	34	23	54755044;54758703;54758726;54758731;54758777;54758843;54760441;54760679;54763935;54767288;54767353	0	none	0.676471
HG02055	2	chr19	KIR2DP1.00202	KIR2DP1.0030101	NA	NA	34	23	54755044;54758703;54758726;54758731;54758777;54758843;54760441;54760679;54763935;54767288;54767353	0	none	0.676471
HG02055	2	chr19	KIR2DP1.00202	KIR2DP1.006	NA	NA	34	23	54755044;54758703;54758726;54758731;54758777;54758843;54760441;54760679;54763935;54767288;54767353	0	none	0.676471
HG02055	2	chr19	KIR2DP1.00203	KIR2DP1.00203	NA	NA	34	23	54755044;54758703;54758726;54758731;54758777;54760441;54760679;54763935;54767094;54767288;54767353	0	none	0.676471
HG02055	2	chr19	KIR2DP1.00203	KIR2DP1.0030101	NA	NA	34	23	54755044;54758703;54758726;54758731;54758777;54760441;54760679;54763935;54767094;54767288;54767353	0	none	0.676471
HG02055	2	chr19	KIR2DP1.00203	KIR2DP1.006	NA	NA	34	23	54755044;54758703;54758726;54758731;54758777;54760441;54760679;54763935;54767094;54767288;54767353	0	none	0.676471
HG02055	2	chr19	KIR2DP1.00204	KIR2DP1.00204	NA	NA	34	23	54755044;54758703;54758726;54758731;54758756;54758777;54760441;54760679;54763935;54767288;54767353	0	none	0.676471
HG02055	2	chr19	KIR2DP1.00204	KIR2DP1.0030101	NA	NA	34	23	54755044;54758703;54758726;54758731;54758756;54758777;54760441;54760679;54763935;54767288;54767353	0	none	0.676471
HG02055	2	chr19	KIR2DP1.00204	KIR2DP1.006	NA	NA	34	23	54755044;54758703;54758726;54758731;54758756;54758777;54760441;54760679;54763935;54767288;54767353	0	none	0.676471
HG02055	2	chr19	KIR2DP1.0030101	KIR2DP1.008	NA	NA	34	23	54755044;54758703;54758726;54758731;54758777;54760441;54760574;54760679;54763935;54767288;54767353	0	none	0.676471
HG02055	2	chr19	KIR2DP1.0030101	KIR2DP1.009	NA	NA	34	23	54755044;54758726;54758731;54758777;54760441;54760679;54760682;54763935;54766542;54767288;54767353	0	none	0.676471
HG02055	2	chr19	KIR2DP1.0030101	KIR2DP1.017	NA	NA	34	23	54755044;54758703;54758726;54758731;54758777;54758788;54760441;54760679;54763935;54767288;54767353	0	none	0.676471
HG02055	2	chr19	KIR2DP1.0030101	KIR2DP1.019	NA	NA	34	23	54755044;54758703;54758726;54758731;54758777;54760441;54760658;54760679;54763935;54767288;54767353	0	none	0.676471
HG02055	2	chr19	KIR2DP1.0030101	KIR2DP1.022	NA	NA	34	23	54755044;54758703;54758726;54758731;54758777;54760441;54760679;54763935;54767273;54767288;54767353	0	none	0.676471
HG02055	2	chr19	KIR2DP1.004	KIR2DP1.007	NA	NA	34	23	54758726;54758731;54758777;54760441;54760492;54760596;54760679;54763935;54766480;54767288;54767353	0	none	0.676471
HG02055	2	chr19	KIR2DP1.004	KIR2DP1.013	NA	NA	34	23	54758726;54758731;54758746;54758777;54760441;54760492;54760679;54763935;54767259;54767288;54767353	0	none	0.676471
HG02055	2	chr19	KIR2DP1.004	KIR2DP1.016	NA	NA	34	23	54758726;54758731;54758777;54760441;54760492;54760679;54763935;54766542;54767288;54767309;54767353	0	none	0.676471
HG02055	2	chr19	KIR2DP1.004	KIR2DP1.024	NA	NA	34	23	54758726;54758731;54758777;54760441;54760492;54760679;54763935;54766497;54766542;54767288;54767353	0	none	0.676471
HG02055	2	chr19	KIR2DP1.006	KIR2DP1.007	NA	NA	34	23	54755044;54758726;54758731;54758777;54760441;54760596;54760679;54763935;54766480;54767288;54767353	0	none	0.676471
HG02055	2	chr19	KIR2DP1.006	KIR2DP1.008	NA	NA	34	23	54755044;54758703;54758726;54758731;54758777;54760441;54760574;54760679;54763935;54767288;54767353	0	none	0.676471
HG02055	2	chr19	KIR2DP1.006	KIR2DP1.009	NA	NA	34	23	54755044;54758726;54758731;54758777;54760441;54760679;54760682;54763935;54766542;54767288;54767353	0	none	0.676471
HG02055	2	chr19	KIR2DP1.006	KIR2DP1.013	NA	NA	34	23	54755044;54758726;54758731;54758746;54758777;54760441;54760679;54763935;54767259;54767288;54767353	0	none	0.676471
HG02055	2	chr19	KIR2DP1.006	KIR2DP1.017	NA	NA	34	23	54755044;54758703;54758726;54758731;54758777;54758788;54760441;54760679;54763935;54767288;54767353	0	none	0.676471
HG02055	2	chr19	KIR2DP1.006	KIR2DP1.019	NA	NA	34	23	54755044;54758703;54758726;54758731;54758777;54760441;54760658;54760679;54763935;54767288;54767353	0	none	0.676471
HG02055	2	chr19	KIR2DP1.007	KIR2DP1.020	NA	NA	34	23	54758726;54758731;54758777;54760441;54760596;54760679;54763935;54766480;54766561;54767288;54767353	0	none	0.676471
HG02055	2	chr19	KIR2DP1.007	KIR2DP1.021	NA	NA	34	23	54758726;54758731;54758777;54760441;54760596;54760679;54763935;54766480;54767273;54767288;54767353	0	none	0.676471
HG02055	2	chr19	KIR2DP1.008	KIR2DP1.008	NA	NA	34	23	54755044;54758703;54758726;54758731;54758777;54760441;54760574;54760679;54763935;54767288;54767353	0	none	0.676471
HG02055	2	chr19	KIR2DP1.009	KIR2DP1.009	NA	NA	34	23	54755044;54758726;54758731;54758777;54760441;54760679;54760682;54763935;54766542;54767288;54767353	0	none	0.676471
HG02055	2	chr19	KIR2DP1.013	KIR2DP1.020	NA	NA	34	23	54758726;54758731;54758746;54758777;54760441;54760679;54763935;54766561;54767259;54767288;54767353	0	none	0.676471
HG02055	2	chr19	KIR2DP1.013	KIR2DP1.021	NA	NA	34	23	54758726;54758731;54758746;54758777;54760441;54760679;54763935;54767259;54767273;54767288;54767353	0	none	0.676471
HG02055	2	chr19	KIR2DP1.016	KIR2DP1.020	NA	NA	34	23	54758726;54758731;54758777;54760441;54760679;54763935;54766542;54766561;54767288;54767309;54767353	0	none	0.676471
HG02055	2	chr19	KIR2DP1.017	KIR2DP1.017	NA	NA	34	23	54755044;54758703;54758726;54758731;54758777;54758788;54760441;54760679;54763935;54767288;54767353	0	none	0.676471
HG02055	2	chr19	KIR2DP1.019	KIR2DP1.019	NA	NA	34	23	54755044;54758703;54758726;54758731;54758777;54760441;54760658;54760679;54763935;54767288;54767353	0	none	0.676471
HG02055	2	chr19	KIR2DP1.020	KIR2DP1.024	NA	NA	34	23	54758726;54758731;54758777;54760441;54760679;54763935;54766497;54766542;54766561;54767288;54767353	0	none	0.676471
HG02055	2	chr19	KIR2DP1.0010201	KIR2DP1.0020101	NA	NA	34	22	54755044;54758703;54758726;54758731;54758777;54760441;54760546;54760679;54763935;54767094;54767288;54767353	0	none	0.647059
HG02055	2	chr19	KIR2DP1.0010201	KIR2DP1.0020102	NA	NA	34	22	54755044;54758703;54758726;54758731;54758777;54760441;54760546;54760679;54763935;54767094;54767288;54767353	0	none	0.647059
HG02055	2	chr19	KIR2DP1.0010201	KIR2DP1.0020104	NA	NA	34	22	54755044;54758703;54758726;54758731;54758777;54760441;54760546;54760679;54763935;54767094;54767288;54767353	0	none	0.647059
HG02055	2	chr19	KIR2DP1.0010201	KIR2DP1.0020105	NA	NA	34	22	54755044;54758703;54758726;54758731;54758777;54760441;54760546;54760679;54763935;54767094;54767288;54767353	0	none	0.647059
HG02055	2	chr19	KIR2DP1.0010201	KIR2DP1.0020110	NA	NA	34	22	54755044;54758703;54758726;54758731;54758777;54760441;54760546;54760679;54763935;54767094;54767288;54767353	0	none	0.647059
HG02055	2	chr19	KIR2DP1.0010201	KIR2DP1.00203	NA	NA	34	22	54755044;54758703;54758726;54758731;54758777;54760441;54760546;54760679;54763935;54767094;54767288;54767353	0	none	0.647059
HG02055	2	chr19	KIR2DP1.0010201	KIR2DP1.004	NA	NA	34	22	54755044;54758726;54758731;54758777;54760441;54760492;54760546;54760679;54763935;54767094;54767288;54767353	0	none	0.647059
HG02055	2	chr19	KIR2DP1.0010201	KIR2DP1.016	NA	NA	34	22	54755044;54758726;54758731;54758777;54760441;54760546;54760679;54763935;54766542;54767094;54767288;54767309	0	none	0.647059
HG02055	2	chr19	KIR2DP1.0010201	KIR2DP1.020	NA	NA	34	22	54755044;54758726;54758731;54758777;54760441;54760546;54760679;54763935;54766561;54767094;54767288;54767353	0	none	0.647059
HG02055	2	chr19	KIR2DP1.0010201	KIR2DP1.022	NA	NA	34	22	54755044;54758703;54758726;54758731;54758777;54760441;54760546;54760679;54763935;54767094;54767273;54767288	0	none	0.647059
HG02055	2	chr19	KIR2DP1.0010201	KIR2DP1.024	NA	NA	34	22	54755044;54758726;54758731;54758777;54760441;54760546;54760679;54763935;54766497;54766542;54767094;54767288	0	none	0.647059
HG02055	2	chr19	KIR2DP1.00103	KIR2DP1.00202	NA	NA	34	22	54755044;54758703;54758726;54758731;54758777;54758843;54760441;54760679;54763935;54767273;54767288;54767353	0	none	0.647059
HG02055	2	chr19	KIR2DP1.00103	KIR2DP1.00203	NA	NA	34	22	54755044;54758703;54758726;54758731;54758777;54760441;54760679;54763935;54767094;54767273;54767288;54767353	0	none	0.647059
HG02055	2	chr19	KIR2DP1.00103	KIR2DP1.00204	NA	NA	34	22	54755044;54758703;54758726;54758731;54758756;54758777;54760441;54760679;54763935;54767273;54767288;54767353	0	none	0.647059
HG02055	2	chr19	KIR2DP1.00103	KIR2DP1.007	NA	NA	34	22	54755044;54758726;54758731;54758777;54760441;54760596;54760679;54763935;54766480;54767273;54767288;54767353	0	none	0.647059
HG02055	2	chr19	KIR2DP1.00103	KIR2DP1.008	NA	NA	34	22	54755044;54758703;54758726;54758731;54758777;54760441;54760574;54760679;54763935;54767273;54767288;54767353	0	none	0.647059
HG02055	2	chr19	KIR2DP1.00103	KIR2DP1.009	NA	NA	34	22	54755044;54758726;54758731;54758777;54760441;54760679;54760682;54763935;54766542;54767273;54767288;54767353	0	none	0.647059
HG02055	2	chr19	KIR2DP1.00103	KIR2DP1.013	NA	NA	34	22	54755044;54758726;54758731;54758746;54758777;54760441;54760679;54763935;54767259;54767273;54767288;54767353	0	none	0.647059
HG02055	2	chr19	KIR2DP1.00103	KIR2DP1.017	NA	NA	34	22	54755044;54758703;54758726;54758731;54758777;54758788;54760441;54760679;54763935;54767273;54767288;54767353	0	none	0.647059
HG02055	2	chr19	KIR2DP1.00103	KIR2DP1.019	NA	NA	34	22	54755044;54758703;54758726;54758731;54758777;54760441;54760658;54760679;54763935;54767273;54767288;54767353	0	none	0.647059
HG02055	2	chr19	KIR2DP1.0020101	KIR2DP1.007	NA	NA	34	22	54755044;54758703;54758726;54758731;54758777;54760441;54760596;54760679;54763935;54766480;54767288;54767353	0	none	0.647059
HG02055	2	chr19	KIR2DP1.0020101	KIR2DP1.009	NA	NA	34	22	54755044;54758703;54758726;54758731;54758777;54760441;54760679;54760682;54763935;54766542;54767288;54767353	0	none	0.647059
HG02055	2	chr19	KIR2DP1.0020101	KIR2DP1.013	NA	NA	34	22	54755044;54758703;54758726;54758731;54758746;54758777;54760441;54760679;54763935;54767259;54767288;54767353	0	none	0.647059
HG02055	2	chr19	KIR2DP1.0020101	KIR2DP1.016	NA	NA	34	22	54755044;54758703;54758726;54758731;54758777;54760441;54760679;54763935;54766542;54767288;54767309;54767353	0	none	0.647059
HG02055	2	chr19	KIR2DP1.0020101	KIR2DP1.024	NA	NA	34	22	54755044;54758703;54758726;54758731;54758777;54760441;54760679;54763935;54766497;54766542;54767288;54767353	0	none	0.647059
HG02055	2	chr19	KIR2DP1.0020102	KIR2DP1.007	NA	NA	34	22	54755044;54758703;54758726;54758731;54758777;54760441;54760596;54760679;54763935;54766480;54767288;54767353	0	none	0.647059
HG02055	2	chr19	KIR2DP1.0020102	KIR2DP1.009	NA	NA	34	22	54755044;54758703;54758726;54758731;54758777;54760441;54760679;54760682;54763935;54766542;54767288;54767353	0	none	0.647059
HG02055	2	chr19	KIR2DP1.0020102	KIR2DP1.013	NA	NA	34	22	54755044;54758703;54758726;54758731;54758746;54758777;54760441;54760679;54763935;54767259;54767288;54767353	0	none	0.647059
HG02055	2	chr19	KIR2DP1.0020102	KIR2DP1.016	NA	NA	34	22	54755044;54758703;54758726;54758731;54758777;54760441;54760679;54763935;54766542;54767288;54767309;54767353	0	none	0.647059
HG02055	2	chr19	KIR2DP1.0020102	KIR2DP1.024	NA	NA	34	22	54755044;54758703;54758726;54758731;54758777;54760441;54760679;54763935;54766497;54766542;54767288;54767353	0	none	0.647059
HG02055	2	chr19	KIR2DP1.0020104	KIR2DP1.007	NA	NA	34	22	54755044;54758703;54758726;54758731;54758777;54760441;54760596;54760679;54763935;54766480;54767288;54767353	0	none	0.647059
HG02055	2	chr19	KIR2DP1.0020104	KIR2DP1.009	NA	NA	34	22	54755044;54758703;54758726;54758731;54758777;54760441;54760679;54760682;54763935;54766542;54767288;54767353	0	none	0.647059
HG02055	2	chr19	KIR2DP1.0020104	KIR2DP1.013	NA	NA	34	22	54755044;54758703;54758726;54758731;54758746;54758777;54760441;54760679;54763935;54767259;54767288;54767353	0	none	0.647059
HG02055	2	chr19	KIR2DP1.0020104	KIR2DP1.016	NA	NA	34	22	54755044;54758703;54758726;54758731;54758777;54760441;54760679;54763935;54766542;54767288;54767309;54767353	0	none	0.647059
HG02055	2	chr19	KIR2DP1.0020104	KIR2DP1.024	NA	NA	34	22	54755044;54758703;54758726;54758731;54758777;54760441;54760679;54763935;54766497;54766542;54767288;54767353	0	none	0.647059
HG02055	2	chr19	KIR2DP1.0020105	KIR2DP1.007	NA	NA	34	22	54755044;54758703;54758726;54758731;54758777;54760441;54760596;54760679;54763935;54766480;54767288;54767353	0	none	0.647059
HG02055	2	chr19	KIR2DP1.0020105	KIR2DP1.009	NA	NA	34	22	54755044;54758703;54758726;54758731;54758777;54760441;54760679;54760682;54763935;54766542;54767288;54767353	0	none	0.647059
HG02055	2	chr19	KIR2DP1.0020105	KIR2DP1.013	NA	NA	34	22	54755044;54758703;54758726;54758731;54758746;54758777;54760441;54760679;54763935;54767259;54767288;54767353	0	none	0.647059
HG02055	2	chr19	KIR2DP1.0020105	KIR2DP1.016	NA	NA	34	22	54755044;54758703;54758726;54758731;54758777;54760441;54760679;54763935;54766542;54767288;54767309;54767353	0	none	0.647059
HG02055	2	chr19	KIR2DP1.0020105	KIR2DP1.024	NA	NA	34	22	54755044;54758703;54758726;54758731;54758777;54760441;54760679;54763935;54766497;54766542;54767288;54767353	0	none	0.647059
HG02055	2	chr19	KIR2DP1.0020110	KIR2DP1.007	NA	NA	34	22	54755044;54758703;54758726;54758731;54758777;54760441;54760596;54760679;54763935;54766480;54767288;54767353	0	none	0.647059
HG02055	2	chr19	KIR2DP1.0020110	KIR2DP1.009	NA	NA	34	22	54755044;54758703;54758726;54758731;54758777;54760441;54760679;54760682;54763935;54766542;54767288;54767353	0	none	0.647059
HG02055	2	chr19	KIR2DP1.0020110	KIR2DP1.013	NA	NA	34	22	54755044;54758703;54758726;54758731;54758746;54758777;54760441;54760679;54763935;54767259;54767288;54767353	0	none	0.647059
HG02055	2	chr19	KIR2DP1.0020110	KIR2DP1.016	NA	NA	34	22	54755044;54758703;54758726;54758731;54758777;54760441;54760679;54763935;54766542;54767288;54767309;54767353	0	none	0.647059
HG02055	2	chr19	KIR2DP1.0020110	KIR2DP1.024	NA	NA	34	22	54755044;54758703;54758726;54758731;54758777;54760441;54760679;54763935;54766497;54766542;54767288;54767353	0	none	0.647059
HG02055	2	chr19	KIR2DP1.00202	KIR2DP1.00203	NA	NA	34	22	54755044;54758703;54758726;54758731;54758777;54758843;54760441;54760679;54763935;54767094;54767288;54767353	0	none	0.647059
HG02055	2	chr19	KIR2DP1.00202	KIR2DP1.00204	NA	NA	34	22	54755044;54758703;54758726;54758731;54758756;54758777;54758843;54760441;54760679;54763935;54767288;54767353	0	none	0.647059
HG02055	2	chr19	KIR2DP1.00202	KIR2DP1.004	NA	NA	34	22	54755044;54758703;54758726;54758731;54758777;54758843;54760441;54760492;54760679;54763935;54767288;54767353	0	none	0.647059
HG02055	2	chr19	KIR2DP1.00202	KIR2DP1.008	NA	NA	34	22	54755044;54758703;54758726;54758731;54758777;54758843;54760441;54760574;54760679;54763935;54767288;54767353	0	none	0.647059
HG02055	2	chr19	KIR2DP1.00202	KIR2DP1.017	NA	NA	34	22	54755044;54758703;54758726;54758731;54758777;54758788;54758843;54760441;54760679;54763935;54767288;54767353	0	none	0.647059
HG02055	2	chr19	KIR2DP1.00202	KIR2DP1.019	NA	NA	34	22	54755044;54758703;54758726;54758731;54758777;54758843;54760441;54760658;54760679;54763935;54767288;54767353	0	none	0.647059
HG02055	2	chr19	KIR2DP1.00202	KIR2DP1.020	NA	NA	34	22	54755044;54758703;54758726;54758731;54758777;54758843;54760441;54760679;54763935;54766561;54767288;54767353	0	none	0.647059
HG02055	2	chr19	KIR2DP1.00202	KIR2DP1.021	NA	NA	34	22	54755044;54758703;54758726;54758731;54758777;54758843;54760441;54760679;54763935;54767273;54767288;54767353	0	none	0.647059
HG02055	2	chr19	KIR2DP1.00202	KIR2DP1.022	NA	NA	34	22	54755044;54758703;54758726;54758731;54758777;54758843;54760441;54760679;54763935;54767273;54767288;54767353	0	none	0.647059
HG02055	2	chr19	KIR2DP1.00203	KIR2DP1.00204	NA	NA	34	22	54755044;54758703;54758726;54758731;54758756;54758777;54760441;54760679;54763935;54767094;54767288;54767353	0	none	0.647059
HG02055	2	chr19	KIR2DP1.00203	KIR2DP1.004	NA	NA	34	22	54755044;54758703;54758726;54758731;54758777;54760441;54760492;54760679;54763935;54767094;54767288;54767353	0	none	0.647059
HG02055	2	chr19	KIR2DP1.00203	KIR2DP1.008	NA	NA	34	22	54755044;54758703;54758726;54758731;54758777;54760441;54760574;54760679;54763935;54767094;54767288;54767353	0	none	0.647059
HG02055	2	chr19	KIR2DP1.00203	KIR2DP1.017	NA	NA	34	22	54755044;54758703;54758726;54758731;54758777;54758788;54760441;54760679;54763935;54767094;54767288;54767353	0	none	0.647059
HG02055	2	chr19	KIR2DP1.00203	KIR2DP1.019	NA	NA	34	22	54755044;54758703;54758726;54758731;54758777;54760441;54760658;54760679;54763935;54767094;54767288;54767353	0	none	0.647059
HG02055	2	chr19	KIR2DP1.00203	KIR2DP1.020	NA	NA	34	22	54755044;54758703;54758726;54758731;54758777;54760441;54760679;54763935;54766561;54767094;54767288;54767353	0	none	0.647059
HG02055	2	chr19	KIR2DP1.00203	KIR2DP1.021	NA	NA	34	22	54755044;54758703;54758726;54758731;54758777;54760441;54760679;54763935;54767094;54767273;54767288;54767353	0	none	0.647059
HG02055	2	chr19	KIR2DP1.00203	KIR2DP1.022	NA	NA	34	22	54755044;54758703;54758726;54758731;54758777;54760441;54760679;54763935;54767094;54767273;54767288;54767353	0	none	0.647059
HG02055	2	chr19	KIR2DP1.00204	KIR2DP1.004	NA	NA	34	22	54755044;54758703;54758726;54758731;54758756;54758777;54760441;54760492;54760679;54763935;54767288;54767353	0	none	0.647059
HG02055	2	chr19	KIR2DP1.00204	KIR2DP1.008	NA	NA	34	22	54755044;54758703;54758726;54758731;54758756;54758777;54760441;54760574;54760679;54763935;54767288;54767353	0	none	0.647059
HG02055	2	chr19	KIR2DP1.00204	KIR2DP1.017	NA	NA	34	22	54755044;54758703;54758726;54758731;54758756;54758777;54758788;54760441;54760679;54763935;54767288;54767353	0	none	0.647059
HG02055	2	chr19	KIR2DP1.00204	KIR2DP1.019	NA	NA	34	22	54755044;54758703;54758726;54758731;54758756;54758777;54760441;54760658;54760679;54763935;54767288;54767353	0	none	0.647059
HG02055	2	chr19	KIR2DP1.00204	KIR2DP1.020	NA	NA	34	22	54755044;54758703;54758726;54758731;54758756;54758777;54760441;54760679;54763935;54766561;54767288;54767353	0	none	0.647059
HG02055	2	chr19	KIR2DP1.00204	KIR2DP1.021	NA	NA	34	22	54755044;54758703;54758726;54758731;54758756;54758777;54760441;54760679;54763935;54767273;54767288;54767353	0	none	0.647059
HG02055	2	chr19	KIR2DP1.00204	KIR2DP1.022	NA	NA	34	22	54755044;54758703;54758726;54758731;54758756;54758777;54760441;54760679;54763935;54767273;54767288;54767353	0	none	0.647059
HG02055	2	chr19	KIR2DP1.0030101	KIR2DP1.011	NA	NA	34	22	54755044;54758726;54758731;54758777;54760441;54760546;54760637;54760679;54763935;54767094;54767288;54767353	0	none	0.647059
HG02055	2	chr19	KIR2DP1.0030101	KIR2DP1.015	NA	NA	34	22	54755044;54758726;54758731;54758777;54760441;54760546;54760562;54760679;54763935;54767094;54767288;54767353	0	none	0.647059
HG02055	2	chr19	KIR2DP1.004	KIR2DP1.008	NA	NA	34	22	54755044;54758703;54758726;54758731;54758777;54760441;54760492;54760574;54760679;54763935;54767288;54767353	0	none	0.647059
HG02055	2	chr19	KIR2DP1.004	KIR2DP1.009	NA	NA	34	22	54755044;54758726;54758731;54758777;54760441;54760492;54760679;54760682;54763935;54766542;54767288;54767353	0	none	0.647059
HG02055	2	chr19	KIR2DP1.004	KIR2DP1.017	NA	NA	34	22	54755044;54758703;54758726;54758731;54758777;54758788;54760441;54760492;54760679;54763935;54767288;54767353	0	none	0.647059
HG02055	2	chr19	KIR2DP1.004	KIR2DP1.019	NA	NA	34	22	54755044;54758703;54758726;54758731;54758777;54760441;54760492;54760658;54760679;54763935;54767288;54767353	0	none	0.647059
HG02055	2	chr19	KIR2DP1.004	KIR2DP1.022	NA	NA	34	22	54755044;54758703;54758726;54758731;54758777;54760441;54760492;54760679;54763935;54767273;54767288;54767353	0	none	0.647059
HG02055	2	chr19	KIR2DP1.007	KIR2DP1.013	NA	NA	34	22	54758726;54758731;54758746;54758777;54760441;54760596;54760679;54763935;54766480;54767259;54767288;54767353	0	none	0.647059
HG02055	2	chr19	KIR2DP1.007	KIR2DP1.016	NA	NA	34	22	54758726;54758731;54758777;54760441;54760596;54760679;54763935;54766480;54766542;54767288;54767309;54767353	0	none	0.647059
HG02055	2	chr19	KIR2DP1.007	KIR2DP1.024	NA	NA	34	22	54758726;54758731;54758777;54760441;54760596;54760679;54763935;54766480;54766497;54766542;54767288;54767353	0	none	0.647059
HG02055	2	chr19	KIR2DP1.008	KIR2DP1.017	NA	NA	34	22	54755044;54758703;54758726;54758731;54758777;54758788;54760441;54760574;54760679;54763935;54767288;54767353	0	none	0.647059
HG02055	2	chr19	KIR2DP1.008	KIR2DP1.019	NA	NA	34	22	54755044;54758703;54758726;54758731;54758777;54760441;54760574;54760658;54760679;54763935;54767288;54767353	0	none	0.647059
HG02055	2	chr19	KIR2DP1.008	KIR2DP1.020	NA	NA	34	22	54755044;54758703;54758726;54758731;54758777;54760441;54760574;54760679;54763935;54766561;54767288;54767353	0	none	0.647059
HG02055	2	chr19	KIR2DP1.008	KIR2DP1.021	NA	NA	34	22	54755044;54758703;54758726;54758731;54758777;54760441;54760574;54760679;54763935;54767273;54767288;54767353	0	none	0.647059
HG02055	2	chr19	KIR2DP1.008	KIR2DP1.022	NA	NA	34	22	54755044;54758703;54758726;54758731;54758777;54760441;54760574;54760679;54763935;54767273;54767288;54767353	0	none	0.647059
HG02055	2	chr19	KIR2DP1.009	KIR2DP1.016	NA	NA	34	22	54755044;54758726;54758731;54758777;54760441;54760679;54760682;54763935;54766542;54767288;54767309;54767353	0	none	0.647059
HG02055	2	chr19	KIR2DP1.009	KIR2DP1.020	NA	NA	34	22	54755044;54758726;54758731;54758777;54760441;54760679;54760682;54763935;54766542;54766561;54767288;54767353	0	none	0.647059
HG02055	2	chr19	KIR2DP1.009	KIR2DP1.021	NA	NA	34	22	54755044;54758726;54758731;54758777;54760441;54760679;54760682;54763935;54766542;54767273;54767288;54767353	0	none	0.647059
HG02055	2	chr19	KIR2DP1.009	KIR2DP1.024	NA	NA	34	22	54755044;54758726;54758731;54758777;54760441;54760679;54760682;54763935;54766497;54766542;54767288;54767353	0	none	0.647059
HG02055	2	chr19	KIR2DP1.011	KIR2DP1.021	NA	NA	34	22	54755044;54758726;54758731;54758777;54760441;54760546;54760637;54760679;54763935;54767094;54767273;54767288	0	none	0.647059
HG02055	2	chr19	KIR2DP1.013	KIR2DP1.016	NA	NA	34	22	54758726;54758731;54758746;54758777;54760441;54760679;54763935;54766542;54767259;54767288;54767309;54767353	0	none	0.647059
HG02055	2	chr19	KIR2DP1.013	KIR2DP1.024	NA	NA	34	22	54758726;54758731;54758746;54758777;54760441;54760679;54763935;54766497;54766542;54767259;54767288;54767353	0	none	0.647059
HG02055	2	chr19	KIR2DP1.015	KIR2DP1.021	NA	NA	34	22	54755044;54758726;54758731;54758777;54760441;54760546;54760562;54760679;54763935;54767094;54767273;54767288	0	none	0.647059
HG02055	2	chr19	KIR2DP1.016	KIR2DP1.022	NA	NA	34	22	54755044;54758703;54758726;54758731;54758777;54760441;54760679;54763935;54766542;54767273;54767288;54767309	0	none	0.647059
HG02055	2	chr19	KIR2DP1.017	KIR2DP1.019	NA	NA	34	22	54755044;54758703;54758726;54758731;54758777;54758788;54760441;54760658;54760679;54763935;54767288;54767353	0	none	0.647059
HG02055	2	chr19	KIR2DP1.017	KIR2DP1.020	NA	NA	34	22	54755044;54758703;54758726;54758731;54758777;54758788;54760441;54760679;54763935;54766561;54767288;54767353	0	none	0.647059
HG02055	2	chr19	KIR2DP1.017	KIR2DP1.021	NA	NA	34	22	54755044;54758703;54758726;54758731;54758777;54758788;54760441;54760679;54763935;54767273;54767288;54767353	0	none	0.647059
HG02055	2	chr19	KIR2DP1.017	KIR2DP1.022	NA	NA	34	22	54755044;54758703;54758726;54758731;54758777;54758788;54760441;54760679;54763935;54767273;54767288;54767353	0	none	0.647059
HG02055	2	chr19	KIR2DP1.019	KIR2DP1.020	NA	NA	34	22	54755044;54758703;54758726;54758731;54758777;54760441;54760658;54760679;54763935;54766561;54767288;54767353	0	none	0.647059
HG02055	2	chr19	KIR2DP1.019	KIR2DP1.021	NA	NA	34	22	54755044;54758703;54758726;54758731;54758777;54760441;54760658;54760679;54763935;54767273;54767288;54767353	0	none	0.647059
HG02055	2	chr19	KIR2DP1.019	KIR2DP1.022	NA	NA	34	22	54755044;54758703;54758726;54758731;54758777;54760441;54760658;54760679;54763935;54767273;54767288;54767353	0	none	0.647059
HG02055	2	chr19	KIR2DP1.020	KIR2DP1.022	NA	NA	34	22	54755044;54758703;54758726;54758731;54758777;54760441;54760679;54763935;54766561;54767273;54767288;54767353	0	none	0.647059
HG02055	2	chr19	KIR2DP1.022	KIR2DP1.024	NA	NA	34	22	54755044;54758703;54758726;54758731;54758777;54760441;54760679;54763935;54766497;54766542;54767273;54767288	0	none	0.647059
HG02055	2	chr19	KIR2DP1.0010201	KIR2DP1.00202	NA	NA	34	21	54755044;54758703;54758726;54758731;54758777;54758843;54760441;54760546;54760679;54763935;54767094;54767288;54767353	0	none	0.617647
HG02055	2	chr19	KIR2DP1.0010201	KIR2DP1.00204	NA	NA	34	21	54755044;54758703;54758726;54758731;54758756;54758777;54760441;54760546;54760679;54763935;54767094;54767288;54767353	0	none	0.617647
HG02055	2	chr19	KIR2DP1.0010201	KIR2DP1.007	NA	NA	34	21	54755044;54758726;54758731;54758777;54760441;54760546;54760596;54760679;54763935;54766480;54767094;54767288;54767353	0	none	0.617647
HG02055	2	chr19	KIR2DP1.0010201	KIR2DP1.008	NA	NA	34	21	54755044;54758703;54758726;54758731;54758777;54760441;54760546;54760574;54760679;54763935;54767094;54767288;54767353	0	none	0.617647
HG02055	2	chr19	KIR2DP1.0010201	KIR2DP1.009	NA	NA	34	21	54755044;54758726;54758731;54758777;54760441;54760546;54760679;54760682;54763935;54766542;54767094;54767288;54767353	0	none	0.617647
HG02055	2	chr19	KIR2DP1.0010201	KIR2DP1.013	NA	NA	34	21	54755044;54758726;54758731;54758746;54758777;54760441;54760546;54760679;54763935;54767094;54767259;54767288;54767353	0	none	0.617647
HG02055	2	chr19	KIR2DP1.0010201	KIR2DP1.017	NA	NA	34	21	54755044;54758703;54758726;54758731;54758777;54758788;54760441;54760546;54760679;54763935;54767094;54767288;54767353	0	none	0.617647
HG02055	2	chr19	KIR2DP1.0010201	KIR2DP1.019	NA	NA	34	21	54755044;54758703;54758726;54758731;54758777;54760441;54760546;54760658;54760679;54763935;54767094;54767288;54767353	0	none	0.617647
HG02055	2	chr19	KIR2DP1.0020101	KIR2DP1.011	NA	NA	34	21	54755044;54758703;54758726;54758731;54758777;54760441;54760546;54760637;54760679;54763935;54767094;54767288;54767353	0	none	0.617647
HG02055	2	chr19	KIR2DP1.0020101	KIR2DP1.015	NA	NA	34	21	54755044;54758703;54758726;54758731;54758777;54760441;54760546;54760562;54760679;54763935;54767094;54767288;54767353	0	none	0.617647
HG02055	2	chr19	KIR2DP1.0020102	KIR2DP1.011	NA	NA	34	21	54755044;54758703;54758726;54758731;54758777;54760441;54760546;54760637;54760679;54763935;54767094;54767288;54767353	0	none	0.617647
HG02055	2	chr19	KIR2DP1.0020102	KIR2DP1.015	NA	NA	34	21	54755044;54758703;54758726;54758731;54758777;54760441;54760546;54760562;54760679;54763935;54767094;54767288;54767353	0	none	0.617647
HG02055	2	chr19	KIR2DP1.0020104	KIR2DP1.011	NA	NA	34	21	54755044;54758703;54758726;54758731;54758777;54760441;54760546;54760637;54760679;54763935;54767094;54767288;54767353	0	none	0.617647
HG02055	2	chr19	KIR2DP1.0020104	KIR2DP1.015	NA	NA	34	21	54755044;54758703;54758726;54758731;54758777;54760441;54760546;54760562;54760679;54763935;54767094;54767288;54767353	0	none	0.617647
HG02055	2	chr19	KIR2DP1.0020105	KIR2DP1.011	NA	NA	34	21	54755044;54758703;54758726;54758731;54758777;54760441;54760546;54760637;54760679;54763935;54767094;54767288;54767353	0	none	0.617647
HG02055	2	chr19	KIR2DP1.0020105	KIR2DP1.015	NA	NA	34	21	54755044;54758703;54758726;54758731;54758777;54760441;54760546;54760562;54760679;54763935;54767094;54767288;54767353	0	none	0.617647
HG02055	2	chr19	KIR2DP1.0020110	KIR2DP1.011	NA	NA	34	21	54755044;54758703;54758726;54758731;54758777;54760441;54760546;54760637;54760679;54763935;54767094;54767288;54767353	0	none	0.617647
HG02055	2	chr19	KIR2DP1.0020110	KIR2DP1.015	NA	NA	34	21	54755044;54758703;54758726;54758731;54758777;54760441;54760546;54760562;54760679;54763935;54767094;54767288;54767353	0	none	0.617647
HG02055	2	chr19	KIR2DP1.00202	KIR2DP1.007	NA	NA	34	21	54755044;54758703;54758726;54758731;54758777;54758843;54760441;54760596;54760679;54763935;54766480;54767288;54767353	0	none	0.617647
HG02055	2	chr19	KIR2DP1.00202	KIR2DP1.009	NA	NA	34	21	54755044;54758703;54758726;54758731;54758777;54758843;54760441;54760679;54760682;54763935;54766542;54767288;54767353	0	none	0.617647
HG02055	2	chr19	KIR2DP1.00202	KIR2DP1.013	NA	NA	34	21	54755044;54758703;54758726;54758731;54758746;54758777;54758843;54760441;54760679;54763935;54767259;54767288;54767353	0	none	0.617647
HG02055	2	chr19	KIR2DP1.00202	KIR2DP1.016	NA	NA	34	21	54755044;54758703;54758726;54758731;54758777;54758843;54760441;54760679;54763935;54766542;54767288;54767309;54767353	0	none	0.617647
HG02055	2	chr19	KIR2DP1.00202	KIR2DP1.024	NA	NA	34	21	54755044;54758703;54758726;54758731;54758777;54758843;54760441;54760679;54763935;54766497;54766542;54767288;54767353	0	none	0.617647
HG02055	2	chr19	KIR2DP1.00203	KIR2DP1.007	NA	NA	34	21	54755044;54758703;54758726;54758731;54758777;54760441;54760596;54760679;54763935;54766480;54767094;54767288;54767353	0	none	0.617647
HG02055	2	chr19	KIR2DP1.00203	KIR2DP1.009	NA	NA	34	21	54755044;54758703;54758726;54758731;54758777;54760441;54760679;54760682;54763935;54766542;54767094;54767288;54767353	0	none	0.617647
HG02055	2	chr19	KIR2DP1.00203	KIR2DP1.011	NA	NA	34	21	54755044;54758703;54758726;54758731;54758777;54760441;54760546;54760637;54760679;54763935;54767094;54767288;54767353	0	none	0.617647
HG02055	2	chr19	KIR2DP1.00203	KIR2DP1.013	NA	NA	34	21	54755044;54758703;54758726;54758731;54758746;54758777;54760441;54760679;54763935;54767094;54767259;54767288;54767353	0	none	0.617647
HG02055	2	chr19	KIR2DP1.00203	KIR2DP1.015	NA	NA	34	21	54755044;54758703;54758726;54758731;54758777;54760441;54760546;54760562;54760679;54763935;54767094;54767288;54767353	0	none	0.617647
HG02055	2	chr19	KIR2DP1.00203	KIR2DP1.016	NA	NA	34	21	54755044;54758703;54758726;54758731;54758777;54760441;54760679;54763935;54766542;54767094;54767288;54767309;54767353	0	none	0.617647
HG02055	2	chr19	KIR2DP1.00203	KIR2DP1.024	NA	NA	34	21	54755044;54758703;54758726;54758731;54758777;54760441;54760679;54763935;54766497;54766542;54767094;54767288;54767353	0	none	0.617647
HG02055	2	chr19	KIR2DP1.00204	KIR2DP1.007	NA	NA	34	21	54755044;54758703;54758726;54758731;54758756;54758777;54760441;54760596;54760679;54763935;54766480;54767288;54767353	0	none	0.617647
HG02055	2	chr19	KIR2DP1.00204	KIR2DP1.009	NA	NA	34	21	54755044;54758703;54758726;54758731;54758756;54758777;54760441;54760679;54760682;54763935;54766542;54767288;54767353	0	none	0.617647
HG02055	2	chr19	KIR2DP1.00204	KIR2DP1.013	NA	NA	34	21	54755044;54758703;54758726;54758731;54758746;54758756;54758777;54760441;54760679;54763935;54767259;54767288;54767353	0	none	0.617647
HG02055	2	chr19	KIR2DP1.00204	KIR2DP1.016	NA	NA	34	21	54755044;54758703;54758726;54758731;54758756;54758777;54760441;54760679;54763935;54766542;54767288;54767309;54767353	0	none	0.617647
HG02055	2	chr19	KIR2DP1.00204	KIR2DP1.024	NA	NA	34	21	54755044;54758703;54758726;54758731;54758756;54758777;54760441;54760679;54763935;54766497;54766542;54767288;54767353	0	none	0.617647
HG02055	2	chr19	KIR2DP1.0030101	KIR2DP1.012	NA	NA	34	21	54755044;54758647;54758726;54758731;54758777;54760441;54760546;54760584;54760679;54763935;54767094;54767288;54767353	0	none	0.617647
HG02055	2	chr19	KIR2DP1.0030101	KIR2DP1.018	NA	NA	34	21	54755044;54758726;54758731;54758777;54760441;54760475;54760546;54760679;54763935;54766497;54767094;54767288;54767353	0	none	0.617647
HG02055	2	chr19	KIR2DP1.004	KIR2DP1.011	NA	NA	34	21	54755044;54758726;54758731;54758777;54760441;54760492;54760546;54760637;54760679;54763935;54767094;54767288;54767353	0	none	0.617647
HG02055	2	chr19	KIR2DP1.004	KIR2DP1.015	NA	NA	34	21	54755044;54758726;54758731;54758777;54760441;54760492;54760546;54760562;54760679;54763935;54767094;54767288;54767353	0	none	0.617647
HG02055	2	chr19	KIR2DP1.007	KIR2DP1.008	NA	NA	34	21	54755044;54758703;54758726;54758731;54758777;54760441;54760574;54760596;54760679;54763935;54766480;54767288;54767353	0	none	0.617647
HG02055	2	chr19	KIR2DP1.007	KIR2DP1.009	NA	NA	34	21	54755044;54758726;54758731;54758777;54760441;54760596;54760679;54760682;54763935;54766480;54766542;54767288;54767353	0	none	0.617647
HG02055	2	chr19	KIR2DP1.007	KIR2DP1.017	NA	NA	34	21	54755044;54758703;54758726;54758731;54758777;54758788;54760441;54760596;54760679;54763935;54766480;54767288;54767353	0	none	0.617647
HG02055	2	chr19	KIR2DP1.007	KIR2DP1.019	NA	NA	34	21	54755044;54758703;54758726;54758731;54758777;54760441;54760596;54760658;54760679;54763935;54766480;54767288;54767353	0	none	0.617647
HG02055	2	chr19	KIR2DP1.007	KIR2DP1.022	NA	NA	34	21	54755044;54758703;54758726;54758731;54758777;54760441;54760596;54760679;54763935;54766480;54767273;54767288;54767353	0	none	0.617647
HG02055	2	chr19	KIR2DP1.008	KIR2DP1.009	NA	NA	34	21	54755044;54758703;54758726;54758731;54758777;54760441;54760574;54760679;54760682;54763935;54766542;54767288;54767353	0	none	0.617647
HG02055	2	chr19	KIR2DP1.008	KIR2DP1.013	NA	NA	34	21	54755044;54758703;54758726;54758731;54758746;54758777;54760441;54760574;54760679;54763935;54767259;54767288;54767353	0	none	0.617647
HG02055	2	chr19	KIR2DP1.008	KIR2DP1.016	NA	NA	34	21	54755044;54758703;54758726;54758731;54758777;54760441;54760574;54760679;54763935;54766542;54767288;54767309;54767353	0	none	0.617647
HG02055	2	chr19	KIR2DP1.008	KIR2DP1.024	NA	NA	34	21	54755044;54758703;54758726;54758731;54758777;54760441;54760574;54760679;54763935;54766497;54766542;54767288;54767353	0	none	0.617647
HG02055	2	chr19	KIR2DP1.009	KIR2DP1.013	NA	NA	34	21	54755044;54758726;54758731;54758746;54758777;54760441;54760679;54760682;54763935;54766542;54767259;54767288;54767353	0	none	0.617647
HG02055	2	chr19	KIR2DP1.009	KIR2DP1.017	NA	NA	34	21	54755044;54758703;54758726;54758731;54758777;54758788;54760441;54760679;54760682;54763935;54766542;54767288;54767353	0	none	0.617647
HG02055	2	chr19	KIR2DP1.009	KIR2DP1.019	NA	NA	34	21	54755044;54758703;54758726;54758731;54758777;54760441;54760658;54760679;54760682;54763935;54766542;54767288;54767353	0	none	0.617647
HG02055	2	chr19	KIR2DP1.009	KIR2DP1.022	NA	NA	34	21	54755044;54758703;54758726;54758731;54758777;54760441;54760679;54760682;54763935;54766542;54767273;54767288;54767353	0	none	0.617647
HG02055	2	chr19	KIR2DP1.011	KIR2DP1.016	NA	NA	34	21	54755044;54758726;54758731;54758777;54760441;54760546;54760637;54760679;54763935;54766542;54767094;54767288;54767309	0	none	0.617647
HG02055	2	chr19	KIR2DP1.011	KIR2DP1.020	NA	NA	34	21	54755044;54758726;54758731;54758777;54760441;54760546;54760637;54760679;54763935;54766561;54767094;54767288;54767353	0	none	0.617647
HG02055	2	chr19	KIR2DP1.011	KIR2DP1.022	NA	NA	34	21	54755044;54758703;54758726;54758731;54758777;54760441;54760546;54760637;54760679;54763935;54767094;54767273;54767288	0	none	0.617647
HG02055	2	chr19	KIR2DP1.011	KIR2DP1.024	NA	NA	34	21	54755044;54758726;54758731;54758777;54760441;54760546;54760637;54760679;54763935;54766497;54766542;54767094;54767288	0	none	0.617647
HG02055	2	chr19	KIR2DP1.012	KIR2DP1.021	NA	NA	34	21	54755044;54758647;54758726;54758731;54758777;54760441;54760546;54760584;54760679;54763935;54767094;54767273;54767288	0	none	0.617647
HG02055	2	chr19	KIR2DP1.013	KIR2DP1.017	NA	NA	34	21	54755044;54758703;54758726;54758731;54758746;54758777;54758788;54760441;54760679;54763935;54767259;54767288;54767353	0	none	0.617647
HG02055	2	chr19	KIR2DP1.013	KIR2DP1.019	NA	NA	34	21	54755044;54758703;54758726;54758731;54758746;54758777;54760441;54760658;54760679;54763935;54767259;54767288;54767353	0	none	0.617647
HG02055	2	chr19	KIR2DP1.013	KIR2DP1.022	NA	NA	34	21	54755044;54758703;54758726;54758731;54758746;54758777;54760441;54760679;54763935;54767259;54767273;54767288;54767353	0	none	0.617647
HG02055	2	chr19	KIR2DP1.015	KIR2DP1.016	NA	NA	34	21	54755044;54758726;54758731;54758777;54760441;54760546;54760562;54760679;54763935;54766542;54767094;54767288;54767309	0	none	0.617647
HG02055	2	chr19	KIR2DP1.015	KIR2DP1.020	NA	NA	34	21	54755044;54758726;54758731;54758777;54760441;54760546;54760562;54760679;54763935;54766561;54767094;54767288;54767353	0	none	0.617647
HG02055	2	chr19	KIR2DP1.015	KIR2DP1.022	NA	NA	34	21	54755044;54758703;54758726;54758731;54758777;54760441;54760546;54760562;54760679;54763935;54767094;54767273;54767288	0	none	0.617647
HG02055	2	chr19	KIR2DP1.015	KIR2DP1.024	NA	NA	34	21	54755044;54758726;54758731;54758777;54760441;54760546;54760562;54760679;54763935;54766497;54766542;54767094;54767288	0	none	0.617647
HG02055	2	chr19	KIR2DP1.016	KIR2DP1.017	NA	NA	34	21	54755044;54758703;54758726;54758731;54758777;54758788;54760441;54760679;54763935;54766542;54767288;54767309;54767353	0	none	0.617647
HG02055	2	chr19	KIR2DP1.016	KIR2DP1.019	NA	NA	34	21	54755044;54758703;54758726;54758731;54758777;54760441;54760658;54760679;54763935;54766542;54767288;54767309;54767353	0	none	0.617647
HG02055	2	chr19	KIR2DP1.017	KIR2DP1.024	NA	NA	34	21	54755044;54758703;54758726;54758731;54758777;54758788;54760441;54760679;54763935;54766497;54766542;54767288;54767353	0	none	0.617647
HG02055	2	chr19	KIR2DP1.018	KIR2DP1.021	NA	NA	34	21	54755044;54758726;54758731;54758777;54760441;54760475;54760546;54760679;54763935;54766497;54767094;54767273;54767288	0	none	0.617647
HG02055	2	chr19	KIR2DP1.018	KIR2DP1.024	NA	NA	34	21	54755044;54758726;54758731;54758777;54760441;54760475;54760546;54760679;54763935;54766497;54766542;54767094;54767288	0	none	0.617647
HG02055	2	chr19	KIR2DP1.019	KIR2DP1.024	NA	NA	34	21	54755044;54758703;54758726;54758731;54758777;54760441;54760658;54760679;54763935;54766497;54766542;54767288;54767353	0	none	0.617647
HG02055	2	chr19	KIR2DP1.0020101	KIR2DP1.012	NA	NA	34	20	54755044;54758647;54758703;54758726;54758731;54758777;54760441;54760546;54760584;54760679;54763935;54767094;54767288;54767353	0	none	0.588235
HG02055	2	chr19	KIR2DP1.0020101	KIR2DP1.018	NA	NA	34	20	54755044;54758703;54758726;54758731;54758777;54760441;54760475;54760546;54760679;54763935;54766497;54767094;54767288;54767353	0	none	0.588235
HG02055	2	chr19	KIR2DP1.0020102	KIR2DP1.012	NA	NA	34	20	54755044;54758647;54758703;54758726;54758731;54758777;54760441;54760546;54760584;54760679;54763935;54767094;54767288;54767353	0	none	0.588235
HG02055	2	chr19	KIR2DP1.0020102	KIR2DP1.018	NA	NA	34	20	54755044;54758703;54758726;54758731;54758777;54760441;54760475;54760546;54760679;54763935;54766497;54767094;54767288;54767353	0	none	0.588235
HG02055	2	chr19	KIR2DP1.0020104	KIR2DP1.012	NA	NA	34	20	54755044;54758647;54758703;54758726;54758731;54758777;54760441;54760546;54760584;54760679;54763935;54767094;54767288;54767353	0	none	0.588235
HG02055	2	chr19	KIR2DP1.0020104	KIR2DP1.018	NA	NA	34	20	54755044;54758703;54758726;54758731;54758777;54760441;54760475;54760546;54760679;54763935;54766497;54767094;54767288;54767353	0	none	0.588235
HG02055	2	chr19	KIR2DP1.0020105	KIR2DP1.012	NA	NA	34	20	54755044;54758647;54758703;54758726;54758731;54758777;54760441;54760546;54760584;54760679;54763935;54767094;54767288;54767353	0	none	0.588235
HG02055	2	chr19	KIR2DP1.0020105	KIR2DP1.018	NA	NA	34	20	54755044;54758703;54758726;54758731;54758777;54760441;54760475;54760546;54760679;54763935;54766497;54767094;54767288;54767353	0	none	0.588235
HG02055	2	chr19	KIR2DP1.0020110	KIR2DP1.012	NA	NA	34	20	54755044;54758647;54758703;54758726;54758731;54758777;54760441;54760546;54760584;54760679;54763935;54767094;54767288;54767353	0	none	0.588235
HG02055	2	chr19	KIR2DP1.0020110	KIR2DP1.018	NA	NA	34	20	54755044;54758703;54758726;54758731;54758777;54760441;54760475;54760546;54760679;54763935;54766497;54767094;54767288;54767353	0	none	0.588235
HG02055	2	chr19	KIR2DP1.00202	KIR2DP1.011	NA	NA	34	20	54755044;54758703;54758726;54758731;54758777;54758843;54760441;54760546;54760637;54760679;54763935;54767094;54767288;54767353	0	none	0.588235
HG02055	2	chr19	KIR2DP1.00202	KIR2DP1.015	NA	NA	34	20	54755044;54758703;54758726;54758731;54758777;54758843;54760441;54760546;54760562;54760679;54763935;54767094;54767288;54767353	0	none	0.588235
HG02055	2	chr19	KIR2DP1.00203	KIR2DP1.012	NA	NA	34	20	54755044;54758647;54758703;54758726;54758731;54758777;54760441;54760546;54760584;54760679;54763935;54767094;54767288;54767353	0	none	0.588235
HG02055	2	chr19	KIR2DP1.00203	KIR2DP1.018	NA	NA	34	20	54755044;54758703;54758726;54758731;54758777;54760441;54760475;54760546;54760679;54763935;54766497;54767094;54767288;54767353	0	none	0.588235
HG02055	2	chr19	KIR2DP1.00204	KIR2DP1.011	NA	NA	34	20	54755044;54758703;54758726;54758731;54758756;54758777;54760441;54760546;54760637;54760679;54763935;54767094;54767288;54767353	0	none	0.588235
HG02055	2	chr19	KIR2DP1.00204	KIR2DP1.015	NA	NA	34	20	54755044;54758703;54758726;54758731;54758756;54758777;54760441;54760546;54760562;54760679;54763935;54767094;54767288;54767353	0	none	0.588235
HG02055	2	chr19	KIR2DP1.004	KIR2DP1.012	NA	NA	34	20	54755044;54758647;54758726;54758731;54758777;54760441;54760492;54760546;54760584;54760679;54763935;54767094;54767288;54767353	0	none	0.588235
HG02055	2	chr19	KIR2DP1.004	KIR2DP1.018	NA	NA	34	20	54755044;54758726;54758731;54758777;54760441;54760475;54760492;54760546;54760679;54763935;54766497;54767094;54767288;54767353	0	none	0.588235
HG02055	2	chr19	KIR2DP1.007	KIR2DP1.011	NA	NA	34	20	54755044;54758726;54758731;54758777;54760441;54760546;54760596;54760637;54760679;54763935;54766480;54767094;54767288;54767353	0	none	0.588235
HG02055	2	chr19	KIR2DP1.007	KIR2DP1.015	NA	NA	34	20	54755044;54758726;54758731;54758777;54760441;54760546;54760562;54760596;54760679;54763935;54766480;54767094;54767288;54767353	0	none	0.588235
HG02055	2	chr19	KIR2DP1.008	KIR2DP1.011	NA	NA	34	20	54755044;54758703;54758726;54758731;54758777;54760441;54760546;54760574;54760637;54760679;54763935;54767094;54767288;54767353	0	none	0.588235
HG02055	2	chr19	KIR2DP1.008	KIR2DP1.015	NA	NA	34	20	54755044;54758703;54758726;54758731;54758777;54760441;54760546;54760562;54760574;54760679;54763935;54767094;54767288;54767353	0	none	0.588235
HG02055	2	chr19	KIR2DP1.009	KIR2DP1.011	NA	NA	34	20	54755044;54758726;54758731;54758777;54760441;54760546;54760637;54760679;54760682;54763935;54766542;54767094;54767288;54767353	0	none	0.588235
HG02055	2	chr19	KIR2DP1.009	KIR2DP1.015	NA	NA	34	20	54755044;54758726;54758731;54758777;54760441;54760546;54760562;54760679;54760682;54763935;54766542;54767094;54767288;54767353	0	none	0.588235
HG02055	2	chr19	KIR2DP1.011	KIR2DP1.013	NA	NA	34	20	54755044;54758726;54758731;54758746;54758777;54760441;54760546;54760637;54760679;54763935;54767094;54767259;54767288;54767353	0	none	0.588235
HG02055	2	chr19	KIR2DP1.011	KIR2DP1.017	NA	NA	34	20	54755044;54758703;54758726;54758731;54758777;54758788;54760441;54760546;54760637;54760679;54763935;54767094;54767288;54767353	0	none	0.588235
HG02055	2	chr19	KIR2DP1.011	KIR2DP1.019	NA	NA	34	20	54755044;54758703;54758726;54758731;54758777;54760441;54760546;54760637;54760658;54760679;54763935;54767094;54767288;54767353	0	none	0.588235
HG02055	2	chr19	KIR2DP1.012	KIR2DP1.016	NA	NA	34	20	54755044;54758647;54758726;54758731;54758777;54760441;54760546;54760584;54760679;54763935;54766542;54767094;54767288;54767309	0	none	0.588235
HG02055	2	chr19	KIR2DP1.012	KIR2DP1.020	NA	NA	34	20	54755044;54758647;54758726;54758731;54758777;54760441;54760546;54760584;54760679;54763935;54766561;54767094;54767288;54767353	0	none	0.588235
HG02055	2	chr19	KIR2DP1.012	KIR2DP1.022	NA	NA	34	20	54755044;54758647;54758703;54758726;54758731;54758777;54760441;54760546;54760584;54760679;54763935;54767094;54767273;54767288	0	none	0.588235
HG02055	2	chr19	KIR2DP1.012	KIR2DP1.024	NA	NA	34	20	54755044;54758647;54758726;54758731;54758777;54760441;54760546;54760584;54760679;54763935;54766497;54766542;54767094;54767288	0	none	0.588235
HG02055	2	chr19	KIR2DP1.013	KIR2DP1.015	NA	NA	34	20	54755044;54758726;54758731;54758746;54758777;54760441;54760546;54760562;54760679;54763935;54767094;54767259;54767288;54767353	0	none	0.588235
HG02055	2	chr19	KIR2DP1.015	KIR2DP1.017	NA	NA	34	20	54755044;54758703;54758726;54758731;54758777;54758788;54760441;54760546;54760562;54760679;54763935;54767094;54767288;54767353	0	none	0.588235
HG02055	2	chr19	KIR2DP1.015	KIR2DP1.019	NA	NA	34	20	54755044;54758703;54758726;54758731;54758777;54760441;54760546;54760562;54760658;54760679;54763935;54767094;54767288;54767353	0	none	0.588235
HG02055	2	chr19	KIR2DP1.016	KIR2DP1.018	NA	NA	34	20	54755044;54758726;54758731;54758777;54760441;54760475;54760546;54760679;54763935;54766497;54766542;54767094;54767288;54767309	0	none	0.588235
HG02055	2	chr19	KIR2DP1.018	KIR2DP1.020	NA	NA	34	20	54755044;54758726;54758731;54758777;54760441;54760475;54760546;54760679;54763935;54766497;54766561;54767094;54767288;54767353	0	none	0.588235
HG02055	2	chr19	KIR2DP1.018	KIR2DP1.022	NA	NA	34	20	54755044;54758703;54758726;54758731;54758777;54760441;54760475;54760546;54760679;54763935;54766497;54767094;54767273;54767288	0	none	0.588235
HG02055	2	chr19	KIR2DP1.00202	KIR2DP1.012	NA	NA	34	19	54755044;54758647;54758703;54758726;54758731;54758777;54758843;54760441;54760546;54760584;54760679;54763935;54767094;54767288;54767353	0	none	0.558824
HG02055	2	chr19	KIR2DP1.00202	KIR2DP1.018	NA	NA	34	19	54755044;54758703;54758726;54758731;54758777;54758843;54760441;54760475;54760546;54760679;54763935;54766497;54767094;54767288;54767353	0	none	0.558824
HG02055	2	chr19	KIR2DP1.00204	KIR2DP1.012	NA	NA	34	19	54755044;54758647;54758703;54758726;54758731;54758756;54758777;54760441;54760546;54760584;54760679;54763935;54767094;54767288;54767353	0	none	0.558824
HG02055	2	chr19	KIR2DP1.00204	KIR2DP1.018	NA	NA	34	19	54755044;54758703;54758726;54758731;54758756;54758777;54760441;54760475;54760546;54760679;54763935;54766497;54767094;54767288;54767353	0	none	0.558824
HG02055	2	chr19	KIR2DP1.007	KIR2DP1.012	NA	NA	34	19	54755044;54758647;54758726;54758731;54758777;54760441;54760546;54760584;54760596;54760679;54763935;54766480;54767094;54767288;54767353	0	none	0.558824
HG02055	2	chr19	KIR2DP1.007	KIR2DP1.018	NA	NA	34	19	54755044;54758726;54758731;54758777;54760441;54760475;54760546;54760596;54760679;54763935;54766480;54766497;54767094;54767288;54767353	0	none	0.558824
HG02055	2	chr19	KIR2DP1.008	KIR2DP1.012	NA	NA	34	19	54755044;54758647;54758703;54758726;54758731;54758777;54760441;54760546;54760574;54760584;54760679;54763935;54767094;54767288;54767353	0	none	0.558824
HG02055	2	chr19	KIR2DP1.008	KIR2DP1.018	NA	NA	34	19	54755044;54758703;54758726;54758731;54758777;54760441;54760475;54760546;54760574;54760679;54763935;54766497;54767094;54767288;54767353	0	none	0.558824
HG02055	2	chr19	KIR2DP1.009	KIR2DP1.012	NA	NA	34	19	54755044;54758647;54758726;54758731;54758777;54760441;54760546;54760584;54760679;54760682;54763935;54766542;54767094;54767288;54767353	0	none	0.558824
HG02055	2	chr19	KIR2DP1.009	KIR2DP1.018	NA	NA	34	19	54755044;54758726;54758731;54758777;54760441;54760475;54760546;54760679;54760682;54763935;54766497;54766542;54767094;54767288;54767353	0	none	0.558824
HG02055	2	chr19	KIR2DP1.012	KIR2DP1.013	NA	NA	34	19	54755044;54758647;54758726;54758731;54758746;54758777;54760441;54760546;54760584;54760679;54763935;54767094;54767259;54767288;54767353	0	none	0.558824
HG02055	2	chr19	KIR2DP1.012	KIR2DP1.017	NA	NA	34	19	54755044;54758647;54758703;54758726;54758731;54758777;54758788;54760441;54760546;54760584;54760679;54763935;54767094;54767288;54767353	0	none	0.558824
HG02055	2	chr19	KIR2DP1.012	KIR2DP1.019	NA	NA	34	19	54755044;54758647;54758703;54758726;54758731;54758777;54760441;54760546;54760584;54760658;54760679;54763935;54767094;54767288;54767353	0	none	0.558824
HG02055	2	chr19	KIR2DP1.013	KIR2DP1.018	NA	NA	34	19	54755044;54758726;54758731;54758746;54758777;54760441;54760475;54760546;54760679;54763935;54766497;54767094;54767259;54767288;54767353	0	none	0.558824
HG02055	2	chr19	KIR2DP1.017	KIR2DP1.018	NA	NA	34	19	54755044;54758703;54758726;54758731;54758777;54758788;54760441;54760475;54760546;54760679;54763935;54766497;54767094;54767288;54767353	0	none	0.558824
HG02055	2	chr19	KIR2DP1.018	KIR2DP1.019	NA	NA	34	19	54755044;54758703;54758726;54758731;54758777;54760441;54760475;54760546;54760658;54760679;54763935;54766497;54767094;54767288;54767353	0	none	0.558824
