Sample	Copy_number	Chr	Allele_A	Allele_B	Allele_C	Allele_D	Tested_genotypes	Valid_genotypes	Error_list	Missed_genotypes	Missed_list	Ratio
HG01243	2	chr19	KIR3DL2.01901	KIR3DL2.058	NA	NA	111	111	none	1	54866553	1.000000
HG01243	2	chr19	KIR3DL2.0070101	KIR3DL2.01901	NA	NA	111	110	54852129	1	54866553	0.990991
HG01243	2	chr19	KIR3DL2.0070102	KIR3DL2.01901	NA	NA	111	110	54852129	1	54866553	0.990991
HG01243	2	chr19	KIR3DL2.00902	KIR3DL2.058	NA	NA	111	110	54852249	1	54866553	0.990991
HG01243	2	chr19	KIR3DL2.014	KIR3DL2.058	NA	NA	111	110	54852027	1	54866553	0.990991
HG01243	2	chr19	KIR3DL2.01902	KIR3DL2.058	NA	NA	111	110	54850487	1	54866553	0.990991
HG01243	2	chr19	KIR3DL2.058	KIR3DL2.112	NA	NA	111	110	54853847	1	54866553	0.990991
HG01243	2	chr19	KIR3DL2.00102	KIR3DL2.058	NA	NA	111	109	54852249;54855856	1	54866553	0.981982
HG01243	2	chr19	KIR3DL2.00102	KIR3DL2.112	NA	NA	111	109	54852129;54852249	1	54866553	0.981982
HG01243	2	chr19	KIR3DL2.00601	KIR3DL2.01901	NA	NA	111	109	54852129;54866553	1	54866553	0.981982
HG01243	2	chr19	KIR3DL2.00601	KIR3DL2.058	NA	NA	111	109	54853847;54855856	1	54866553	0.981982
HG01243	2	chr19	KIR3DL2.00601	KIR3DL2.112	NA	NA	111	109	54852129;54853847	1	54866553	0.981982
HG01243	2	chr19	KIR3DL2.0070101	KIR3DL2.00902	NA	NA	111	109	54852129;54852249	1	54866553	0.981982
HG01243	2	chr19	KIR3DL2.0070101	KIR3DL2.014	NA	NA	111	109	54852027;54852129	1	54866553	0.981982
HG01243	2	chr19	KIR3DL2.0070101	KIR3DL2.01902	NA	NA	111	109	54850487;54852129	1	54866553	0.981982
HG01243	2	chr19	KIR3DL2.0070101	KIR3DL2.058	NA	NA	111	109	54853847;54855856	1	54866553	0.981982
HG01243	2	chr19	KIR3DL2.0070101	KIR3DL2.112	NA	NA	111	109	54852129;54853847	1	54866553	0.981982
HG01243	2	chr19	KIR3DL2.0070102	KIR3DL2.00902	NA	NA	111	109	54852129;54852249	1	54866553	0.981982
HG01243	2	chr19	KIR3DL2.0070102	KIR3DL2.014	NA	NA	111	109	54852027;54852129	1	54866553	0.981982
HG01243	2	chr19	KIR3DL2.0070102	KIR3DL2.01902	NA	NA	111	109	54850487;54852129	1	54866553	0.981982
HG01243	2	chr19	KIR3DL2.0070102	KIR3DL2.058	NA	NA	111	109	54853847;54855856	1	54866553	0.981982
HG01243	2	chr19	KIR3DL2.0070102	KIR3DL2.112	NA	NA	111	109	54852129;54853847	1	54866553	0.981982
HG01243	2	chr19	KIR3DL2.00702	KIR3DL2.01901	NA	NA	111	109	54852129;54852143	1	54866553	0.981982
HG01243	2	chr19	KIR3DL2.00703	KIR3DL2.01901	NA	NA	111	109	54852129;54853787	1	54866553	0.981982
HG01243	2	chr19	KIR3DL2.00704	KIR3DL2.01901	NA	NA	111	109	54852129;54865836	1	54866553	0.981982
HG01243	2	chr19	KIR3DL2.00705	KIR3DL2.01901	NA	NA	111	109	54852125;54852129	1	54866553	0.981982
HG01243	2	chr19	KIR3DL2.00706	KIR3DL2.01901	NA	NA	111	109	54852129;54853886	1	54866553	0.981982
HG01243	2	chr19	KIR3DL2.00707	KIR3DL2.01901	NA	NA	111	109	54852129;54855746	1	54866553	0.981982
HG01243	2	chr19	KIR3DL2.00708	KIR3DL2.01901	NA	NA	111	109	54850487;54852129	1	54866553	0.981982
HG01243	2	chr19	KIR3DL2.00708	KIR3DL2.01902	NA	NA	111	109	54850487;54852129	1	54866553	0.981982
HG01243	2	chr19	KIR3DL2.00709	KIR3DL2.01901	NA	NA	111	109	54850487;54852129	1	54866553	0.981982
HG01243	2	chr19	KIR3DL2.00709	KIR3DL2.01902	NA	NA	111	109	54850487;54852129	1	54866553	0.981982
HG01243	2	chr19	KIR3DL2.00710	KIR3DL2.01901	NA	NA	111	109	54852129;54865854	1	54866553	0.981982
HG01243	2	chr19	KIR3DL2.00711	KIR3DL2.01901	NA	NA	111	109	54852129;54866707	1	54866553	0.981982
HG01243	2	chr19	KIR3DL2.00902	KIR3DL2.01001	NA	NA	111	109	54852129;54852249	1	54866553	0.981982
HG01243	2	chr19	KIR3DL2.01001	KIR3DL2.01901	NA	NA	111	109	54852129;54852249	1	54866553	0.981982
HG01243	2	chr19	KIR3DL2.017	KIR3DL2.01901	NA	NA	111	109	54852129;54855855	1	54866553	0.981982
HG01243	2	chr19	KIR3DL2.018	KIR3DL2.01901	NA	NA	111	109	54852129;54855859	1	54866553	0.981982
HG01243	2	chr19	KIR3DL2.01901	KIR3DL2.034	NA	NA	111	109	54852129;54855736	1	54866553	0.981982
HG01243	2	chr19	KIR3DL2.01901	KIR3DL2.088	NA	NA	111	109	54852129;54866574	1	54866553	0.981982
HG01243	2	chr19	KIR3DL2.01901	KIR3DL2.089	NA	NA	111	109	54852129;54852262	1	54866553	0.981982
HG01243	2	chr19	KIR3DL2.01901	KIR3DL2.093	NA	NA	111	109	54852129;54853923	1	54866553	0.981982
HG01243	2	chr19	KIR3DL2.01901	KIR3DL2.10601	NA	NA	111	109	54852129;54852144	1	54866553	0.981982
HG01243	2	chr19	KIR3DL2.01901	KIR3DL2.112	NA	NA	111	109	54852129;54855856	1	54866553	0.981982
HG01243	2	chr19	KIR3DL2.00102	KIR3DL2.0070101	NA	NA	111	108	54852129;54852249;54855856	1	54866553	0.972973
HG01243	2	chr19	KIR3DL2.00102	KIR3DL2.0070102	NA	NA	111	108	54852129;54852249;54855856	1	54866553	0.972973
HG01243	2	chr19	KIR3DL2.00102	KIR3DL2.01001	NA	NA	111	108	54852129;54852249;54855856	1	54866553	0.972973
HG01243	2	chr19	KIR3DL2.0010301	KIR3DL2.00902	NA	NA	111	108	54852129;54852249;54866553	1	54866553	0.972973
HG01243	2	chr19	KIR3DL2.0010301	KIR3DL2.01901	NA	NA	111	108	54852129;54852249;54866553	1	54866553	0.972973
HG01243	2	chr19	KIR3DL2.0010301	KIR3DL2.058	NA	NA	111	108	54852249;54853847;54855856	1	54866553	0.972973
HG01243	2	chr19	KIR3DL2.0010301	KIR3DL2.112	NA	NA	111	108	54852129;54852249;54853847	1	54866553	0.972973
HG01243	2	chr19	KIR3DL2.0010302	KIR3DL2.00902	NA	NA	111	108	54852129;54852249;54866553	1	54866553	0.972973
HG01243	2	chr19	KIR3DL2.0010302	KIR3DL2.01901	NA	NA	111	108	54852129;54852249;54866553	1	54866553	0.972973
HG01243	2	chr19	KIR3DL2.0010302	KIR3DL2.058	NA	NA	111	108	54852249;54853847;54855856	1	54866553	0.972973
HG01243	2	chr19	KIR3DL2.0010302	KIR3DL2.112	NA	NA	111	108	54852129;54852249;54853847	1	54866553	0.972973
HG01243	2	chr19	KIR3DL2.00601	KIR3DL2.0070101	NA	NA	111	108	54852129;54853847;54855856	1	54866553	0.972973
HG01243	2	chr19	KIR3DL2.00601	KIR3DL2.0070102	NA	NA	111	108	54852129;54853847;54855856	1	54866553	0.972973
HG01243	2	chr19	KIR3DL2.00601	KIR3DL2.00902	NA	NA	111	108	54852129;54852249;54866553	1	54866553	0.972973
HG01243	2	chr19	KIR3DL2.00601	KIR3DL2.014	NA	NA	111	108	54852027;54852129;54866553	1	54866553	0.972973
HG01243	2	chr19	KIR3DL2.00601	KIR3DL2.01902	NA	NA	111	108	54850487;54852129;54866553	1	54866553	0.972973
HG01243	2	chr19	KIR3DL2.00602	KIR3DL2.01901	NA	NA	111	108	54850487;54852129;54866553	1	54866553	0.972973
HG01243	2	chr19	KIR3DL2.00602	KIR3DL2.01902	NA	NA	111	108	54850487;54852129;54866553	1	54866553	0.972973
HG01243	2	chr19	KIR3DL2.00602	KIR3DL2.058	NA	NA	111	108	54850487;54853847;54855856	1	54866553	0.972973
HG01243	2	chr19	KIR3DL2.00602	KIR3DL2.112	NA	NA	111	108	54850487;54852129;54853847	1	54866553	0.972973
HG01243	2	chr19	KIR3DL2.0070101	KIR3DL2.0070101	NA	NA	111	108	54852129;54853847;54855856	1	54866553	0.972973
HG01243	2	chr19	KIR3DL2.0070101	KIR3DL2.0070102	NA	NA	111	108	54852129;54853847;54855856	1	54866553	0.972973
HG01243	2	chr19	KIR3DL2.0070102	KIR3DL2.0070102	NA	NA	111	108	54852129;54853847;54855856	1	54866553	0.972973
HG01243	2	chr19	KIR3DL2.00702	KIR3DL2.00902	NA	NA	111	108	54852129;54852143;54852249	1	54866553	0.972973
HG01243	2	chr19	KIR3DL2.00702	KIR3DL2.014	NA	NA	111	108	54852027;54852129;54852143	1	54866553	0.972973
HG01243	2	chr19	KIR3DL2.00702	KIR3DL2.01902	NA	NA	111	108	54850487;54852129;54852143	1	54866553	0.972973
HG01243	2	chr19	KIR3DL2.00702	KIR3DL2.058	NA	NA	111	108	54852143;54853847;54855856	1	54866553	0.972973
HG01243	2	chr19	KIR3DL2.00702	KIR3DL2.112	NA	NA	111	108	54852129;54852143;54853847	1	54866553	0.972973
HG01243	2	chr19	KIR3DL2.00703	KIR3DL2.00902	NA	NA	111	108	54852129;54852249;54853787	1	54866553	0.972973
HG01243	2	chr19	KIR3DL2.00703	KIR3DL2.014	NA	NA	111	108	54852027;54852129;54853787	1	54866553	0.972973
HG01243	2	chr19	KIR3DL2.00703	KIR3DL2.01902	NA	NA	111	108	54850487;54852129;54853787	1	54866553	0.972973
HG01243	2	chr19	KIR3DL2.00703	KIR3DL2.058	NA	NA	111	108	54853787;54853847;54855856	1	54866553	0.972973
HG01243	2	chr19	KIR3DL2.00703	KIR3DL2.112	NA	NA	111	108	54852129;54853787;54853847	1	54866553	0.972973
HG01243	2	chr19	KIR3DL2.00704	KIR3DL2.00902	NA	NA	111	108	54852129;54852249;54865836	1	54866553	0.972973
HG01243	2	chr19	KIR3DL2.00704	KIR3DL2.014	NA	NA	111	108	54852027;54852129;54865836	1	54866553	0.972973
HG01243	2	chr19	KIR3DL2.00704	KIR3DL2.01902	NA	NA	111	108	54850487;54852129;54865836	1	54866553	0.972973
HG01243	2	chr19	KIR3DL2.00704	KIR3DL2.058	NA	NA	111	108	54853847;54855856;54865836	1	54866553	0.972973
HG01243	2	chr19	KIR3DL2.00704	KIR3DL2.112	NA	NA	111	108	54852129;54853847;54865836	1	54866553	0.972973
HG01243	2	chr19	KIR3DL2.00705	KIR3DL2.00902	NA	NA	111	108	54852125;54852129;54852249	1	54866553	0.972973
HG01243	2	chr19	KIR3DL2.00705	KIR3DL2.014	NA	NA	111	108	54852027;54852125;54852129	1	54866553	0.972973
HG01243	2	chr19	KIR3DL2.00705	KIR3DL2.01902	NA	NA	111	108	54850487;54852125;54852129	1	54866553	0.972973
HG01243	2	chr19	KIR3DL2.00705	KIR3DL2.058	NA	NA	111	108	54852125;54853847;54855856	1	54866553	0.972973
HG01243	2	chr19	KIR3DL2.00705	KIR3DL2.112	NA	NA	111	108	54852125;54852129;54853847	1	54866553	0.972973
HG01243	2	chr19	KIR3DL2.00706	KIR3DL2.00902	NA	NA	111	108	54852129;54852249;54853886	1	54866553	0.972973
HG01243	2	chr19	KIR3DL2.00706	KIR3DL2.014	NA	NA	111	108	54852027;54852129;54853886	1	54866553	0.972973
HG01243	2	chr19	KIR3DL2.00706	KIR3DL2.01902	NA	NA	111	108	54850487;54852129;54853886	1	54866553	0.972973
HG01243	2	chr19	KIR3DL2.00706	KIR3DL2.058	NA	NA	111	108	54853847;54853886;54855856	1	54866553	0.972973
HG01243	2	chr19	KIR3DL2.00706	KIR3DL2.112	NA	NA	111	108	54852129;54853847;54853886	1	54866553	0.972973
HG01243	2	chr19	KIR3DL2.00707	KIR3DL2.00902	NA	NA	111	108	54852129;54852249;54855746	1	54866553	0.972973
HG01243	2	chr19	KIR3DL2.00707	KIR3DL2.014	NA	NA	111	108	54852027;54852129;54855746	1	54866553	0.972973
HG01243	2	chr19	KIR3DL2.00707	KIR3DL2.01902	NA	NA	111	108	54850487;54852129;54855746	1	54866553	0.972973
HG01243	2	chr19	KIR3DL2.00707	KIR3DL2.058	NA	NA	111	108	54853847;54855746;54855856	1	54866553	0.972973
HG01243	2	chr19	KIR3DL2.00707	KIR3DL2.112	NA	NA	111	108	54852129;54853847;54855746	1	54866553	0.972973
HG01243	2	chr19	KIR3DL2.00708	KIR3DL2.00902	NA	NA	111	108	54850487;54852129;54852249	1	54866553	0.972973
HG01243	2	chr19	KIR3DL2.00708	KIR3DL2.014	NA	NA	111	108	54850487;54852027;54852129	1	54866553	0.972973
HG01243	2	chr19	KIR3DL2.00708	KIR3DL2.058	NA	NA	111	108	54850487;54853847;54855856	1	54866553	0.972973
HG01243	2	chr19	KIR3DL2.00708	KIR3DL2.112	NA	NA	111	108	54850487;54852129;54853847	1	54866553	0.972973
HG01243	2	chr19	KIR3DL2.00709	KIR3DL2.00902	NA	NA	111	108	54850487;54852129;54852249	1	54866553	0.972973
HG01243	2	chr19	KIR3DL2.00709	KIR3DL2.014	NA	NA	111	108	54850487;54852027;54852129	1	54866553	0.972973
HG01243	2	chr19	KIR3DL2.00709	KIR3DL2.058	NA	NA	111	108	54850487;54853847;54855856	1	54866553	0.972973
HG01243	2	chr19	KIR3DL2.00709	KIR3DL2.112	NA	NA	111	108	54850487;54852129;54853847	1	54866553	0.972973
HG01243	2	chr19	KIR3DL2.00710	KIR3DL2.00902	NA	NA	111	108	54852129;54852249;54865854	1	54866553	0.972973
HG01243	2	chr19	KIR3DL2.00710	KIR3DL2.014	NA	NA	111	108	54852027;54852129;54865854	1	54866553	0.972973
HG01243	2	chr19	KIR3DL2.00710	KIR3DL2.01902	NA	NA	111	108	54850487;54852129;54865854	1	54866553	0.972973
HG01243	2	chr19	KIR3DL2.00710	KIR3DL2.058	NA	NA	111	108	54853847;54855856;54865854	1	54866553	0.972973
HG01243	2	chr19	KIR3DL2.00710	KIR3DL2.112	NA	NA	111	108	54852129;54853847;54865854	1	54866553	0.972973
HG01243	2	chr19	KIR3DL2.00711	KIR3DL2.00902	NA	NA	111	108	54852129;54852249;54866707	1	54866553	0.972973
HG01243	2	chr19	KIR3DL2.00711	KIR3DL2.014	NA	NA	111	108	54852027;54852129;54866707	1	54866553	0.972973
HG01243	2	chr19	KIR3DL2.00711	KIR3DL2.01902	NA	NA	111	108	54850487;54852129;54866707	1	54866553	0.972973
HG01243	2	chr19	KIR3DL2.00711	KIR3DL2.058	NA	NA	111	108	54853847;54855856;54866707	1	54866553	0.972973
HG01243	2	chr19	KIR3DL2.00711	KIR3DL2.112	NA	NA	111	108	54852129;54853847;54866707	1	54866553	0.972973
HG01243	2	chr19	KIR3DL2.00902	KIR3DL2.017	NA	NA	111	108	54852129;54852249;54855855	1	54866553	0.972973
HG01243	2	chr19	KIR3DL2.00902	KIR3DL2.018	NA	NA	111	108	54852129;54852249;54855859	1	54866553	0.972973
HG01243	2	chr19	KIR3DL2.00902	KIR3DL2.034	NA	NA	111	108	54852129;54852249;54855736	1	54866553	0.972973
HG01243	2	chr19	KIR3DL2.00902	KIR3DL2.088	NA	NA	111	108	54852129;54852249;54866574	1	54866553	0.972973
HG01243	2	chr19	KIR3DL2.00902	KIR3DL2.089	NA	NA	111	108	54852129;54852249;54852262	1	54866553	0.972973
HG01243	2	chr19	KIR3DL2.00902	KIR3DL2.093	NA	NA	111	108	54852129;54852249;54853923	1	54866553	0.972973
HG01243	2	chr19	KIR3DL2.00902	KIR3DL2.10601	NA	NA	111	108	54852129;54852144;54852249	1	54866553	0.972973
HG01243	2	chr19	KIR3DL2.00902	KIR3DL2.112	NA	NA	111	108	54852129;54852249;54855856	1	54866553	0.972973
HG01243	2	chr19	KIR3DL2.01001	KIR3DL2.014	NA	NA	111	108	54852027;54852129;54852249	1	54866553	0.972973
HG01243	2	chr19	KIR3DL2.01001	KIR3DL2.01902	NA	NA	111	108	54850487;54852129;54852249	1	54866553	0.972973
HG01243	2	chr19	KIR3DL2.01001	KIR3DL2.058	NA	NA	111	108	54852249;54853847;54855856	1	54866553	0.972973
HG01243	2	chr19	KIR3DL2.01001	KIR3DL2.112	NA	NA	111	108	54852129;54852249;54853847	1	54866553	0.972973
HG01243	2	chr19	KIR3DL2.014	KIR3DL2.017	NA	NA	108	105	54852027;54852129;54855855	1	54866553	0.972222
HG01243	2	chr19	KIR3DL2.014	KIR3DL2.018	NA	NA	111	108	54852027;54852129;54855859	1	54866553	0.972973
HG01243	2	chr19	KIR3DL2.014	KIR3DL2.034	NA	NA	111	108	54852027;54852129;54855736	1	54866553	0.972973
HG01243	2	chr19	KIR3DL2.014	KIR3DL2.040	NA	NA	111	108	54852027;54852129;54866553	1	54866553	0.972973
HG01243	2	chr19	KIR3DL2.014	KIR3DL2.088	NA	NA	111	108	54852027;54852129;54866574	1	54866553	0.972973
HG01243	2	chr19	KIR3DL2.014	KIR3DL2.089	NA	NA	111	108	54852027;54852129;54852262	1	54866553	0.972973
HG01243	2	chr19	KIR3DL2.014	KIR3DL2.093	NA	NA	111	108	54852027;54852129;54853923	1	54866553	0.972973
HG01243	2	chr19	KIR3DL2.014	KIR3DL2.10601	NA	NA	111	108	54852027;54852129;54852144	1	54866553	0.972973
HG01243	2	chr19	KIR3DL2.014	KIR3DL2.112	NA	NA	111	108	54852027;54852129;54855856	1	54866553	0.972973
HG01243	2	chr19	KIR3DL2.015	KIR3DL2.01901	NA	NA	111	108	54852129;54853865;54866553	1	54866553	0.972973
HG01243	2	chr19	KIR3DL2.015	KIR3DL2.058	NA	NA	111	108	54853847;54853865;54855856	1	54866553	0.972973
HG01243	2	chr19	KIR3DL2.015	KIR3DL2.112	NA	NA	111	108	54852129;54853847;54853865	1	54866553	0.972973
HG01243	2	chr19	KIR3DL2.017	KIR3DL2.01902	NA	NA	111	108	54850487;54852129;54855855	1	54866553	0.972973
HG01243	2	chr19	KIR3DL2.017	KIR3DL2.058	NA	NA	111	108	54853847;54855855;54855856	1	54866553	0.972973
HG01243	2	chr19	KIR3DL2.017	KIR3DL2.112	NA	NA	111	108	54852129;54853847;54855855	1	54866553	0.972973
HG01243	2	chr19	KIR3DL2.018	KIR3DL2.01902	NA	NA	111	108	54850487;54852129;54855859	1	54866553	0.972973
HG01243	2	chr19	KIR3DL2.018	KIR3DL2.058	NA	NA	111	108	54853847;54855856;54855859	1	54866553	0.972973
HG01243	2	chr19	KIR3DL2.018	KIR3DL2.112	NA	NA	111	108	54852129;54853847;54855859	1	54866553	0.972973
HG01243	2	chr19	KIR3DL2.01901	KIR3DL2.040	NA	NA	111	108	54852027;54852129;54866553	1	54866553	0.972973
HG01243	2	chr19	KIR3DL2.01901	KIR3DL2.04302	NA	NA	111	108	54852129;54853888;54866553	1	54866553	0.972973
HG01243	2	chr19	KIR3DL2.01901	KIR3DL2.109	NA	NA	111	108	54852049;54852129;54866553	1	54866553	0.972973
HG01243	2	chr19	KIR3DL2.01901	KIR3DL2.117	NA	NA	111	108	54852129;54866553;54866642	1	54866553	0.972973
HG01243	2	chr19	KIR3DL2.01902	KIR3DL2.034	NA	NA	111	108	54850487;54852129;54855736	1	54866553	0.972973
HG01243	2	chr19	KIR3DL2.01902	KIR3DL2.088	NA	NA	111	108	54850487;54852129;54866574	1	54866553	0.972973
HG01243	2	chr19	KIR3DL2.01902	KIR3DL2.089	NA	NA	111	108	54850487;54852129;54852262	1	54866553	0.972973
HG01243	2	chr19	KIR3DL2.01902	KIR3DL2.093	NA	NA	111	108	54850487;54852129;54853923	1	54866553	0.972973
HG01243	2	chr19	KIR3DL2.01902	KIR3DL2.10601	NA	NA	111	108	54850487;54852129;54852144	1	54866553	0.972973
HG01243	2	chr19	KIR3DL2.01902	KIR3DL2.112	NA	NA	111	108	54850487;54852129;54855856	1	54866553	0.972973
HG01243	2	chr19	KIR3DL2.034	KIR3DL2.058	NA	NA	111	108	54853847;54855736;54855856	1	54866553	0.972973
HG01243	2	chr19	KIR3DL2.034	KIR3DL2.112	NA	NA	111	108	54852129;54853847;54855736	1	54866553	0.972973
HG01243	2	chr19	KIR3DL2.040	KIR3DL2.058	NA	NA	111	108	54852027;54853847;54855856	1	54866553	0.972973
HG01243	2	chr19	KIR3DL2.040	KIR3DL2.112	NA	NA	111	108	54852027;54852129;54853847	1	54866553	0.972973
HG01243	2	chr19	KIR3DL2.04302	KIR3DL2.058	NA	NA	111	108	54853847;54853888;54855856	1	54866553	0.972973
HG01243	2	chr19	KIR3DL2.04302	KIR3DL2.112	NA	NA	111	108	54852129;54853847;54853888	1	54866553	0.972973
HG01243	2	chr19	KIR3DL2.058	KIR3DL2.058	NA	NA	111	108	54852129;54853847;54855856	1	54866553	0.972973
HG01243	2	chr19	KIR3DL2.058	KIR3DL2.088	NA	NA	111	108	54853847;54855856;54866574	1	54866553	0.972973
HG01243	2	chr19	KIR3DL2.058	KIR3DL2.089	NA	NA	111	108	54852262;54853847;54855856	1	54866553	0.972973
HG01243	2	chr19	KIR3DL2.058	KIR3DL2.093	NA	NA	111	108	54853847;54853923;54855856	1	54866553	0.972973
HG01243	2	chr19	KIR3DL2.058	KIR3DL2.10601	NA	NA	111	108	54852144;54853847;54855856	1	54866553	0.972973
HG01243	2	chr19	KIR3DL2.058	KIR3DL2.109	NA	NA	111	108	54852049;54853847;54855856	1	54866553	0.972973
HG01243	2	chr19	KIR3DL2.058	KIR3DL2.117	NA	NA	111	108	54853847;54855856;54866642	1	54866553	0.972973
HG01243	2	chr19	KIR3DL2.088	KIR3DL2.112	NA	NA	111	108	54852129;54853847;54866574	1	54866553	0.972973
HG01243	2	chr19	KIR3DL2.089	KIR3DL2.112	NA	NA	111	108	54852129;54852262;54853847	1	54866553	0.972973
HG01243	2	chr19	KIR3DL2.093	KIR3DL2.112	NA	NA	111	108	54852129;54853847;54853923	1	54866553	0.972973
HG01243	2	chr19	KIR3DL2.10601	KIR3DL2.112	NA	NA	111	108	54852129;54852144;54853847	1	54866553	0.972973
HG01243	2	chr19	KIR3DL2.109	KIR3DL2.112	NA	NA	111	108	54852049;54852129;54853847	1	54866553	0.972973
HG01243	2	chr19	KIR3DL2.112	KIR3DL2.112	NA	NA	111	108	54852129;54853847;54855856	1	54866553	0.972973
HG01243	2	chr19	KIR3DL2.112	KIR3DL2.117	NA	NA	111	108	54852129;54853847;54866642	1	54866553	0.972973
HG01243	2	chr19	KIR3DL2.00102	KIR3DL2.0010301	NA	NA	111	107	54852129;54852249;54855856;54866553	1	54866553	0.963964
HG01243	2	chr19	KIR3DL2.00102	KIR3DL2.0010302	NA	NA	111	107	54852129;54852249;54855856;54866553	1	54866553	0.963964
HG01243	2	chr19	KIR3DL2.00102	KIR3DL2.00601	NA	NA	111	107	54852129;54852249;54855856;54866553	1	54866553	0.963964
HG01243	2	chr19	KIR3DL2.00102	KIR3DL2.00702	NA	NA	111	107	54852129;54852143;54852249;54855856	1	54866553	0.963964
HG01243	2	chr19	KIR3DL2.00102	KIR3DL2.00703	NA	NA	111	107	54852129;54852249;54853787;54855856	1	54866553	0.963964
HG01243	2	chr19	KIR3DL2.00102	KIR3DL2.00704	NA	NA	111	107	54852129;54852249;54855856;54865836	1	54866553	0.963964
HG01243	2	chr19	KIR3DL2.00102	KIR3DL2.00705	NA	NA	111	107	54852125;54852129;54852249;54855856	1	54866553	0.963964
HG01243	2	chr19	KIR3DL2.00102	KIR3DL2.00706	NA	NA	111	107	54852129;54852249;54853886;54855856	1	54866553	0.963964
HG01243	2	chr19	KIR3DL2.00102	KIR3DL2.00707	NA	NA	111	107	54852129;54852249;54855746;54855856	1	54866553	0.963964
HG01243	2	chr19	KIR3DL2.00102	KIR3DL2.00708	NA	NA	111	107	54850487;54852129;54852249;54855856	1	54866553	0.963964
HG01243	2	chr19	KIR3DL2.00102	KIR3DL2.00709	NA	NA	111	107	54850487;54852129;54852249;54855856	1	54866553	0.963964
HG01243	2	chr19	KIR3DL2.00102	KIR3DL2.00710	NA	NA	111	107	54852129;54852249;54855856;54865854	1	54866553	0.963964
HG01243	2	chr19	KIR3DL2.00102	KIR3DL2.00711	NA	NA	111	107	54852129;54852249;54855856;54866707	1	54866553	0.963964
HG01243	2	chr19	KIR3DL2.00102	KIR3DL2.00902	NA	NA	111	107	54852129;54852249;54853847;54866553	1	54866553	0.963964
HG01243	2	chr19	KIR3DL2.00102	KIR3DL2.017	NA	NA	108	104	54852129;54852249;54855855;54855856	1	54866553	0.962963
HG01243	2	chr19	KIR3DL2.00102	KIR3DL2.018	NA	NA	111	107	54852129;54852249;54855856;54855859	1	54866553	0.963964
HG01243	2	chr19	KIR3DL2.00102	KIR3DL2.01901	NA	NA	111	107	54852129;54852249;54853847;54866553	1	54866553	0.963964
HG01243	2	chr19	KIR3DL2.00102	KIR3DL2.034	NA	NA	111	107	54852129;54852249;54855736;54855856	1	54866553	0.963964
HG01243	2	chr19	KIR3DL2.00102	KIR3DL2.088	NA	NA	111	107	54852129;54852249;54855856;54866574	1	54866553	0.963964
HG01243	2	chr19	KIR3DL2.00102	KIR3DL2.089	NA	NA	111	107	54852129;54852249;54852262;54855856	1	54866553	0.963964
HG01243	2	chr19	KIR3DL2.00102	KIR3DL2.093	NA	NA	111	107	54852129;54852249;54853923;54855856	1	54866553	0.963964
HG01243	2	chr19	KIR3DL2.00102	KIR3DL2.10601	NA	NA	111	107	54852129;54852144;54852249;54855856	1	54866553	0.963964
HG01243	2	chr19	KIR3DL2.0010301	KIR3DL2.0070101	NA	NA	111	107	54852129;54852249;54853847;54855856	1	54866553	0.963964
HG01243	2	chr19	KIR3DL2.0010301	KIR3DL2.0070102	NA	NA	111	107	54852129;54852249;54853847;54855856	1	54866553	0.963964
HG01243	2	chr19	KIR3DL2.0010301	KIR3DL2.01001	NA	NA	111	107	54852129;54852249;54853847;54855856	1	54866553	0.963964
HG01243	2	chr19	KIR3DL2.0010301	KIR3DL2.014	NA	NA	111	107	54852027;54852129;54852249;54866553	1	54866553	0.963964
HG01243	2	chr19	KIR3DL2.0010301	KIR3DL2.01902	NA	NA	111	107	54850487;54852129;54852249;54866553	1	54866553	0.963964
HG01243	2	chr19	KIR3DL2.0010302	KIR3DL2.0070101	NA	NA	111	107	54852129;54852249;54853847;54855856	1	54866553	0.963964
HG01243	2	chr19	KIR3DL2.0010302	KIR3DL2.0070102	NA	NA	111	107	54852129;54852249;54853847;54855856	1	54866553	0.963964
HG01243	2	chr19	KIR3DL2.0010302	KIR3DL2.01001	NA	NA	111	107	54852129;54852249;54853847;54855856	1	54866553	0.963964
HG01243	2	chr19	KIR3DL2.0010302	KIR3DL2.014	NA	NA	111	107	54852027;54852129;54852249;54866553	1	54866553	0.963964
HG01243	2	chr19	KIR3DL2.0010302	KIR3DL2.01902	NA	NA	111	107	54850487;54852129;54852249;54866553	1	54866553	0.963964
HG01243	2	chr19	KIR3DL2.00601	KIR3DL2.00601	NA	NA	111	107	54852129;54853847;54855856;54866553	1	54866553	0.963964
HG01243	2	chr19	KIR3DL2.00601	KIR3DL2.00702	NA	NA	111	107	54852129;54852143;54853847;54855856	1	54866553	0.963964
HG01243	2	chr19	KIR3DL2.00601	KIR3DL2.00703	NA	NA	111	107	54852129;54853787;54853847;54855856	1	54866553	0.963964
HG01243	2	chr19	KIR3DL2.00601	KIR3DL2.00704	NA	NA	111	107	54852129;54853847;54855856;54865836	1	54866553	0.963964
HG01243	2	chr19	KIR3DL2.00601	KIR3DL2.00705	NA	NA	111	107	54852125;54852129;54853847;54855856	1	54866553	0.963964
HG01243	2	chr19	KIR3DL2.00601	KIR3DL2.00706	NA	NA	111	107	54852129;54853847;54853886;54855856	1	54866553	0.963964
HG01243	2	chr19	KIR3DL2.00601	KIR3DL2.00707	NA	NA	111	107	54852129;54853847;54855746;54855856	1	54866553	0.963964
HG01243	2	chr19	KIR3DL2.00601	KIR3DL2.00708	NA	NA	111	107	54850487;54852129;54853847;54855856	1	54866553	0.963964
HG01243	2	chr19	KIR3DL2.00601	KIR3DL2.00709	NA	NA	111	107	54850487;54852129;54853847;54855856	1	54866553	0.963964
HG01243	2	chr19	KIR3DL2.00601	KIR3DL2.00710	NA	NA	111	107	54852129;54853847;54855856;54865854	1	54866553	0.963964
HG01243	2	chr19	KIR3DL2.00601	KIR3DL2.00711	NA	NA	111	107	54852129;54853847;54855856;54866707	1	54866553	0.963964
HG01243	2	chr19	KIR3DL2.00601	KIR3DL2.01001	NA	NA	111	107	54852129;54852249;54853847;54855856	1	54866553	0.963964
HG01243	2	chr19	KIR3DL2.00601	KIR3DL2.017	NA	NA	111	107	54852129;54853847;54855855;54855856	1	54866553	0.963964
HG01243	2	chr19	KIR3DL2.00601	KIR3DL2.018	NA	NA	111	107	54852129;54853847;54855856;54855859	1	54866553	0.963964
HG01243	2	chr19	KIR3DL2.00601	KIR3DL2.034	NA	NA	111	107	54852129;54853847;54855736;54855856	1	54866553	0.963964
HG01243	2	chr19	KIR3DL2.00601	KIR3DL2.088	NA	NA	111	107	54852129;54853847;54855856;54866574	1	54866553	0.963964
HG01243	2	chr19	KIR3DL2.00601	KIR3DL2.089	NA	NA	111	107	54852129;54852262;54853847;54855856	1	54866553	0.963964
HG01243	2	chr19	KIR3DL2.00601	KIR3DL2.093	NA	NA	111	107	54852129;54853847;54853923;54855856	1	54866553	0.963964
HG01243	2	chr19	KIR3DL2.00601	KIR3DL2.10601	NA	NA	111	107	54852129;54852144;54853847;54855856	1	54866553	0.963964
HG01243	2	chr19	KIR3DL2.00602	KIR3DL2.0070101	NA	NA	111	107	54850487;54852129;54853847;54855856	1	54866553	0.963964
HG01243	2	chr19	KIR3DL2.00602	KIR3DL2.0070102	NA	NA	111	107	54850487;54852129;54853847;54855856	1	54866553	0.963964
HG01243	2	chr19	KIR3DL2.00602	KIR3DL2.00708	NA	NA	111	107	54850487;54852129;54853847;54855856	1	54866553	0.963964
HG01243	2	chr19	KIR3DL2.00602	KIR3DL2.00709	NA	NA	111	107	54850487;54852129;54853847;54855856	1	54866553	0.963964
HG01243	2	chr19	KIR3DL2.00602	KIR3DL2.00902	NA	NA	111	107	54850487;54852129;54852249;54866553	1	54866553	0.963964
HG01243	2	chr19	KIR3DL2.00602	KIR3DL2.014	NA	NA	111	107	54850487;54852027;54852129;54866553	1	54866553	0.963964
HG01243	2	chr19	KIR3DL2.0070101	KIR3DL2.00702	NA	NA	111	107	54852129;54852143;54853847;54855856	1	54866553	0.963964
HG01243	2	chr19	KIR3DL2.0070101	KIR3DL2.00703	NA	NA	111	107	54852129;54853787;54853847;54855856	1	54866553	0.963964
HG01243	2	chr19	KIR3DL2.0070101	KIR3DL2.00704	NA	NA	111	107	54852129;54853847;54855856;54865836	1	54866553	0.963964
HG01243	2	chr19	KIR3DL2.0070101	KIR3DL2.00705	NA	NA	111	107	54852125;54852129;54853847;54855856	1	54866553	0.963964
HG01243	2	chr19	KIR3DL2.0070101	KIR3DL2.00706	NA	NA	111	107	54852129;54853847;54853886;54855856	1	54866553	0.963964
HG01243	2	chr19	KIR3DL2.0070101	KIR3DL2.00707	NA	NA	111	107	54852129;54853847;54855746;54855856	1	54866553	0.963964
HG01243	2	chr19	KIR3DL2.0070101	KIR3DL2.00708	NA	NA	111	107	54850487;54852129;54853847;54855856	1	54866553	0.963964
HG01243	2	chr19	KIR3DL2.0070101	KIR3DL2.00709	NA	NA	111	107	54850487;54852129;54853847;54855856	1	54866553	0.963964
HG01243	2	chr19	KIR3DL2.0070101	KIR3DL2.00710	NA	NA	111	107	54852129;54853847;54855856;54865854	1	54866553	0.963964
HG01243	2	chr19	KIR3DL2.0070101	KIR3DL2.00711	NA	NA	111	107	54852129;54853847;54855856;54866707	1	54866553	0.963964
HG01243	2	chr19	KIR3DL2.0070101	KIR3DL2.01001	NA	NA	111	107	54852129;54852249;54853847;54855856	1	54866553	0.963964
HG01243	2	chr19	KIR3DL2.0070101	KIR3DL2.015	NA	NA	111	107	54852129;54853847;54853865;54855856	1	54866553	0.963964
HG01243	2	chr19	KIR3DL2.0070101	KIR3DL2.017	NA	NA	111	107	54852129;54853847;54855855;54855856	1	54866553	0.963964
HG01243	2	chr19	KIR3DL2.0070101	KIR3DL2.018	NA	NA	111	107	54852129;54853847;54855856;54855859	1	54866553	0.963964
HG01243	2	chr19	KIR3DL2.0070101	KIR3DL2.034	NA	NA	111	107	54852129;54853847;54855736;54855856	1	54866553	0.963964
HG01243	2	chr19	KIR3DL2.0070101	KIR3DL2.040	NA	NA	111	107	54852027;54852129;54853847;54855856	1	54866553	0.963964
HG01243	2	chr19	KIR3DL2.0070101	KIR3DL2.04302	NA	NA	111	107	54852129;54853847;54853888;54855856	1	54866553	0.963964
HG01243	2	chr19	KIR3DL2.0070101	KIR3DL2.088	NA	NA	111	107	54852129;54853847;54855856;54866574	1	54866553	0.963964
HG01243	2	chr19	KIR3DL2.0070101	KIR3DL2.089	NA	NA	111	107	54852129;54852262;54853847;54855856	1	54866553	0.963964
HG01243	2	chr19	KIR3DL2.0070101	KIR3DL2.093	NA	NA	111	107	54852129;54853847;54853923;54855856	1	54866553	0.963964
HG01243	2	chr19	KIR3DL2.0070101	KIR3DL2.10601	NA	NA	111	107	54852129;54852144;54853847;54855856	1	54866553	0.963964
HG01243	2	chr19	KIR3DL2.0070101	KIR3DL2.109	NA	NA	111	107	54852049;54852129;54853847;54855856	1	54866553	0.963964
HG01243	2	chr19	KIR3DL2.0070101	KIR3DL2.117	NA	NA	111	107	54852129;54853847;54855856;54866642	1	54866553	0.963964
HG01243	2	chr19	KIR3DL2.0070102	KIR3DL2.00702	NA	NA	111	107	54852129;54852143;54853847;54855856	1	54866553	0.963964
HG01243	2	chr19	KIR3DL2.0070102	KIR3DL2.00703	NA	NA	111	107	54852129;54853787;54853847;54855856	1	54866553	0.963964
HG01243	2	chr19	KIR3DL2.0070102	KIR3DL2.00704	NA	NA	111	107	54852129;54853847;54855856;54865836	1	54866553	0.963964
HG01243	2	chr19	KIR3DL2.0070102	KIR3DL2.00705	NA	NA	111	107	54852125;54852129;54853847;54855856	1	54866553	0.963964
HG01243	2	chr19	KIR3DL2.0070102	KIR3DL2.00706	NA	NA	111	107	54852129;54853847;54853886;54855856	1	54866553	0.963964
HG01243	2	chr19	KIR3DL2.0070102	KIR3DL2.00707	NA	NA	111	107	54852129;54853847;54855746;54855856	1	54866553	0.963964
HG01243	2	chr19	KIR3DL2.0070102	KIR3DL2.00708	NA	NA	111	107	54850487;54852129;54853847;54855856	1	54866553	0.963964
HG01243	2	chr19	KIR3DL2.0070102	KIR3DL2.00709	NA	NA	111	107	54850487;54852129;54853847;54855856	1	54866553	0.963964
HG01243	2	chr19	KIR3DL2.0070102	KIR3DL2.00710	NA	NA	111	107	54852129;54853847;54855856;54865854	1	54866553	0.963964
HG01243	2	chr19	KIR3DL2.0070102	KIR3DL2.00711	NA	NA	111	107	54852129;54853847;54855856;54866707	1	54866553	0.963964
HG01243	2	chr19	KIR3DL2.0070102	KIR3DL2.01001	NA	NA	111	107	54852129;54852249;54853847;54855856	1	54866553	0.963964
HG01243	2	chr19	KIR3DL2.0070102	KIR3DL2.015	NA	NA	111	107	54852129;54853847;54853865;54855856	1	54866553	0.963964
HG01243	2	chr19	KIR3DL2.0070102	KIR3DL2.017	NA	NA	111	107	54852129;54853847;54855855;54855856	1	54866553	0.963964
HG01243	2	chr19	KIR3DL2.0070102	KIR3DL2.018	NA	NA	111	107	54852129;54853847;54855856;54855859	1	54866553	0.963964
HG01243	2	chr19	KIR3DL2.0070102	KIR3DL2.034	NA	NA	111	107	54852129;54853847;54855736;54855856	1	54866553	0.963964
HG01243	2	chr19	KIR3DL2.0070102	KIR3DL2.040	NA	NA	111	107	54852027;54852129;54853847;54855856	1	54866553	0.963964
HG01243	2	chr19	KIR3DL2.0070102	KIR3DL2.04302	NA	NA	111	107	54852129;54853847;54853888;54855856	1	54866553	0.963964
HG01243	2	chr19	KIR3DL2.0070102	KIR3DL2.088	NA	NA	111	107	54852129;54853847;54855856;54866574	1	54866553	0.963964
HG01243	2	chr19	KIR3DL2.0070102	KIR3DL2.089	NA	NA	111	107	54852129;54852262;54853847;54855856	1	54866553	0.963964
HG01243	2	chr19	KIR3DL2.0070102	KIR3DL2.093	NA	NA	111	107	54852129;54853847;54853923;54855856	1	54866553	0.963964
HG01243	2	chr19	KIR3DL2.0070102	KIR3DL2.10601	NA	NA	111	107	54852129;54852144;54853847;54855856	1	54866553	0.963964
HG01243	2	chr19	KIR3DL2.0070102	KIR3DL2.109	NA	NA	111	107	54852049;54852129;54853847;54855856	1	54866553	0.963964
HG01243	2	chr19	KIR3DL2.0070102	KIR3DL2.117	NA	NA	111	107	54852129;54853847;54855856;54866642	1	54866553	0.963964
HG01243	2	chr19	KIR3DL2.00702	KIR3DL2.00702	NA	NA	111	107	54852129;54852143;54853847;54855856	1	54866553	0.963964
HG01243	2	chr19	KIR3DL2.00703	KIR3DL2.00703	NA	NA	111	107	54852129;54853787;54853847;54855856	1	54866553	0.963964
HG01243	2	chr19	KIR3DL2.00704	KIR3DL2.00704	NA	NA	111	107	54852129;54853847;54855856;54865836	1	54866553	0.963964
HG01243	2	chr19	KIR3DL2.00705	KIR3DL2.00705	NA	NA	111	107	54852125;54852129;54853847;54855856	1	54866553	0.963964
HG01243	2	chr19	KIR3DL2.00706	KIR3DL2.00706	NA	NA	111	107	54852129;54853847;54853886;54855856	1	54866553	0.963964
HG01243	2	chr19	KIR3DL2.00707	KIR3DL2.00707	NA	NA	111	107	54852129;54853847;54855746;54855856	1	54866553	0.963964
HG01243	2	chr19	KIR3DL2.00708	KIR3DL2.00708	NA	NA	111	107	54850487;54852129;54853847;54855856	1	54866553	0.963964
HG01243	2	chr19	KIR3DL2.00708	KIR3DL2.00709	NA	NA	111	107	54850487;54852129;54853847;54855856	1	54866553	0.963964
HG01243	2	chr19	KIR3DL2.00709	KIR3DL2.00709	NA	NA	111	107	54850487;54852129;54853847;54855856	1	54866553	0.963964
HG01243	2	chr19	KIR3DL2.00710	KIR3DL2.00710	NA	NA	111	107	54852129;54853847;54855856;54865854	1	54866553	0.963964
HG01243	2	chr19	KIR3DL2.00711	KIR3DL2.00711	NA	NA	111	107	54852129;54853847;54855856;54866707	1	54866553	0.963964
HG01243	2	chr19	KIR3DL2.00902	KIR3DL2.015	NA	NA	111	107	54852129;54852249;54853865;54866553	1	54866553	0.963964
HG01243	2	chr19	KIR3DL2.00902	KIR3DL2.040	NA	NA	111	107	54852027;54852129;54852249;54866553	1	54866553	0.963964
HG01243	2	chr19	KIR3DL2.00902	KIR3DL2.04302	NA	NA	111	107	54852129;54852249;54853888;54866553	1	54866553	0.963964
HG01243	2	chr19	KIR3DL2.00902	KIR3DL2.109	NA	NA	111	107	54852049;54852129;54852249;54866553	1	54866553	0.963964
HG01243	2	chr19	KIR3DL2.00902	KIR3DL2.117	NA	NA	111	107	54852129;54852249;54866553;54866642	1	54866553	0.963964
HG01243	2	chr19	KIR3DL2.01001	KIR3DL2.01001	NA	NA	111	107	54852129;54852249;54853847;54855856	1	54866553	0.963964
HG01243	2	chr19	KIR3DL2.014	KIR3DL2.015	NA	NA	111	107	54852027;54852129;54853865;54866553	1	54866553	0.963964
HG01243	2	chr19	KIR3DL2.014	KIR3DL2.04302	NA	NA	111	107	54852027;54852129;54853888;54866553	1	54866553	0.963964
HG01243	2	chr19	KIR3DL2.014	KIR3DL2.109	NA	NA	111	107	54852027;54852049;54852129;54866553	1	54866553	0.963964
HG01243	2	chr19	KIR3DL2.014	KIR3DL2.117	NA	NA	111	107	54852027;54852129;54866553;54866642	1	54866553	0.963964
HG01243	2	chr19	KIR3DL2.015	KIR3DL2.01902	NA	NA	111	107	54850487;54852129;54853865;54866553	1	54866553	0.963964
HG01243	2	chr19	KIR3DL2.017	KIR3DL2.017	NA	NA	108	104	54852129;54853847;54855855;54855856	1	54866553	0.962963
HG01243	2	chr19	KIR3DL2.018	KIR3DL2.018	NA	NA	111	107	54852129;54853847;54855856;54855859	1	54866553	0.963964
HG01243	2	chr19	KIR3DL2.01901	KIR3DL2.01901	NA	NA	111	107	54852129;54853847;54855856;54866553	1	54866553	0.963964
HG01243	2	chr19	KIR3DL2.01902	KIR3DL2.040	NA	NA	111	107	54850487;54852027;54852129;54866553	1	54866553	0.963964
HG01243	2	chr19	KIR3DL2.01902	KIR3DL2.04302	NA	NA	111	107	54850487;54852129;54853888;54866553	1	54866553	0.963964
HG01243	2	chr19	KIR3DL2.01902	KIR3DL2.109	NA	NA	111	107	54850487;54852049;54852129;54866553	1	54866553	0.963964
HG01243	2	chr19	KIR3DL2.01902	KIR3DL2.117	NA	NA	111	107	54850487;54852129;54866553;54866642	1	54866553	0.963964
HG01243	2	chr19	KIR3DL2.034	KIR3DL2.034	NA	NA	111	107	54852129;54853847;54855736;54855856	1	54866553	0.963964
HG01243	2	chr19	KIR3DL2.088	KIR3DL2.088	NA	NA	111	107	54852129;54853847;54855856;54866574	1	54866553	0.963964
HG01243	2	chr19	KIR3DL2.089	KIR3DL2.089	NA	NA	111	107	54852129;54852262;54853847;54855856	1	54866553	0.963964
HG01243	2	chr19	KIR3DL2.093	KIR3DL2.093	NA	NA	111	107	54852129;54853847;54853923;54855856	1	54866553	0.963964
HG01243	2	chr19	KIR3DL2.10601	KIR3DL2.10601	NA	NA	111	107	54852129;54852144;54853847;54855856	1	54866553	0.963964
HG01243	2	chr19	KIR3DL2.00102	KIR3DL2.00102	NA	NA	107	102	54852129;54852249;54853847;54855856;54866553	1	54866553	0.953271
HG01243	2	chr19	KIR3DL2.00102	KIR3DL2.00602	NA	NA	111	106	54850487;54852129;54852249;54855856;54866553	1	54866553	0.954955
HG01243	2	chr19	KIR3DL2.00102	KIR3DL2.014	NA	NA	108	103	54852027;54852129;54852249;54853847;54866553	1	54866553	0.953704
HG01243	2	chr19	KIR3DL2.00102	KIR3DL2.015	NA	NA	111	106	54852129;54852249;54853865;54855856;54866553	1	54866553	0.954955
HG01243	2	chr19	KIR3DL2.00102	KIR3DL2.01902	NA	NA	111	106	54850487;54852129;54852249;54853847;54866553	1	54866553	0.954955
HG01243	2	chr19	KIR3DL2.00102	KIR3DL2.040	NA	NA	111	106	54852027;54852129;54852249;54855856;54866553	1	54866553	0.954955
HG01243	2	chr19	KIR3DL2.00102	KIR3DL2.04302	NA	NA	111	106	54852129;54852249;54853888;54855856;54866553	1	54866553	0.954955
HG01243	2	chr19	KIR3DL2.00102	KIR3DL2.109	NA	NA	111	106	54852049;54852129;54852249;54855856;54866553	1	54866553	0.954955
HG01243	2	chr19	KIR3DL2.00102	KIR3DL2.117	NA	NA	111	106	54852129;54852249;54855856;54866553;54866642	1	54866553	0.954955
HG01243	2	chr19	KIR3DL2.0010301	KIR3DL2.0010301	NA	NA	111	106	54852129;54852249;54853847;54855856;54866553	1	54866553	0.954955
HG01243	2	chr19	KIR3DL2.0010301	KIR3DL2.0010302	NA	NA	111	106	54852129;54852249;54853847;54855856;54866553	1	54866553	0.954955
HG01243	2	chr19	KIR3DL2.0010301	KIR3DL2.00601	NA	NA	111	106	54852129;54852249;54853847;54855856;54866553	1	54866553	0.954955
HG01243	2	chr19	KIR3DL2.0010301	KIR3DL2.00702	NA	NA	111	106	54852129;54852143;54852249;54853847;54855856	1	54866553	0.954955
HG01243	2	chr19	KIR3DL2.0010301	KIR3DL2.00703	NA	NA	111	106	54852129;54852249;54853787;54853847;54855856	1	54866553	0.954955
HG01243	2	chr19	KIR3DL2.0010301	KIR3DL2.00704	NA	NA	111	106	54852129;54852249;54853847;54855856;54865836	1	54866553	0.954955
HG01243	2	chr19	KIR3DL2.0010301	KIR3DL2.00705	NA	NA	111	106	54852125;54852129;54852249;54853847;54855856	1	54866553	0.954955
HG01243	2	chr19	KIR3DL2.0010301	KIR3DL2.00706	NA	NA	111	106	54852129;54852249;54853847;54853886;54855856	1	54866553	0.954955
HG01243	2	chr19	KIR3DL2.0010301	KIR3DL2.00707	NA	NA	111	106	54852129;54852249;54853847;54855746;54855856	1	54866553	0.954955
HG01243	2	chr19	KIR3DL2.0010301	KIR3DL2.00708	NA	NA	111	106	54850487;54852129;54852249;54853847;54855856	1	54866553	0.954955
HG01243	2	chr19	KIR3DL2.0010301	KIR3DL2.00709	NA	NA	111	106	54850487;54852129;54852249;54853847;54855856	1	54866553	0.954955
HG01243	2	chr19	KIR3DL2.0010301	KIR3DL2.00710	NA	NA	111	106	54852129;54852249;54853847;54855856;54865854	1	54866553	0.954955
HG01243	2	chr19	KIR3DL2.0010301	KIR3DL2.00711	NA	NA	111	106	54852129;54852249;54853847;54855856;54866707	1	54866553	0.954955
HG01243	2	chr19	KIR3DL2.0010301	KIR3DL2.017	NA	NA	111	106	54852129;54852249;54853847;54855855;54855856	1	54866553	0.954955
HG01243	2	chr19	KIR3DL2.0010301	KIR3DL2.018	NA	NA	111	106	54852129;54852249;54853847;54855856;54855859	1	54866553	0.954955
HG01243	2	chr19	KIR3DL2.0010301	KIR3DL2.034	NA	NA	111	106	54852129;54852249;54853847;54855736;54855856	1	54866553	0.954955
HG01243	2	chr19	KIR3DL2.0010301	KIR3DL2.088	NA	NA	111	106	54852129;54852249;54853847;54855856;54866574	1	54866553	0.954955
HG01243	2	chr19	KIR3DL2.0010301	KIR3DL2.089	NA	NA	111	106	54852129;54852249;54852262;54853847;54855856	1	54866553	0.954955
HG01243	2	chr19	KIR3DL2.0010301	KIR3DL2.093	NA	NA	111	106	54852129;54852249;54853847;54853923;54855856	1	54866553	0.954955
HG01243	2	chr19	KIR3DL2.0010301	KIR3DL2.10601	NA	NA	111	106	54852129;54852144;54852249;54853847;54855856	1	54866553	0.954955
HG01243	2	chr19	KIR3DL2.0010302	KIR3DL2.0010302	NA	NA	111	106	54852129;54852249;54853847;54855856;54866553	1	54866553	0.954955
HG01243	2	chr19	KIR3DL2.0010302	KIR3DL2.00601	NA	NA	111	106	54852129;54852249;54853847;54855856;54866553	1	54866553	0.954955
HG01243	2	chr19	KIR3DL2.0010302	KIR3DL2.00702	NA	NA	111	106	54852129;54852143;54852249;54853847;54855856	1	54866553	0.954955
HG01243	2	chr19	KIR3DL2.0010302	KIR3DL2.00703	NA	NA	111	106	54852129;54852249;54853787;54853847;54855856	1	54866553	0.954955
HG01243	2	chr19	KIR3DL2.0010302	KIR3DL2.00704	NA	NA	111	106	54852129;54852249;54853847;54855856;54865836	1	54866553	0.954955
HG01243	2	chr19	KIR3DL2.0010302	KIR3DL2.00705	NA	NA	111	106	54852125;54852129;54852249;54853847;54855856	1	54866553	0.954955
HG01243	2	chr19	KIR3DL2.0010302	KIR3DL2.00706	NA	NA	111	106	54852129;54852249;54853847;54853886;54855856	1	54866553	0.954955
HG01243	2	chr19	KIR3DL2.0010302	KIR3DL2.00707	NA	NA	111	106	54852129;54852249;54853847;54855746;54855856	1	54866553	0.954955
HG01243	2	chr19	KIR3DL2.0010302	KIR3DL2.00708	NA	NA	111	106	54850487;54852129;54852249;54853847;54855856	1	54866553	0.954955
HG01243	2	chr19	KIR3DL2.0010302	KIR3DL2.00709	NA	NA	111	106	54850487;54852129;54852249;54853847;54855856	1	54866553	0.954955
HG01243	2	chr19	KIR3DL2.0010302	KIR3DL2.00710	NA	NA	111	106	54852129;54852249;54853847;54855856;54865854	1	54866553	0.954955
HG01243	2	chr19	KIR3DL2.0010302	KIR3DL2.00711	NA	NA	111	106	54852129;54852249;54853847;54855856;54866707	1	54866553	0.954955
HG01243	2	chr19	KIR3DL2.0010302	KIR3DL2.017	NA	NA	111	106	54852129;54852249;54853847;54855855;54855856	1	54866553	0.954955
HG01243	2	chr19	KIR3DL2.0010302	KIR3DL2.018	NA	NA	111	106	54852129;54852249;54853847;54855856;54855859	1	54866553	0.954955
HG01243	2	chr19	KIR3DL2.0010302	KIR3DL2.034	NA	NA	111	106	54852129;54852249;54853847;54855736;54855856	1	54866553	0.954955
HG01243	2	chr19	KIR3DL2.0010302	KIR3DL2.088	NA	NA	111	106	54852129;54852249;54853847;54855856;54866574	1	54866553	0.954955
HG01243	2	chr19	KIR3DL2.0010302	KIR3DL2.089	NA	NA	111	106	54852129;54852249;54852262;54853847;54855856	1	54866553	0.954955
HG01243	2	chr19	KIR3DL2.0010302	KIR3DL2.093	NA	NA	111	106	54852129;54852249;54853847;54853923;54855856	1	54866553	0.954955
HG01243	2	chr19	KIR3DL2.0010302	KIR3DL2.10601	NA	NA	111	106	54852129;54852144;54852249;54853847;54855856	1	54866553	0.954955
HG01243	2	chr19	KIR3DL2.00601	KIR3DL2.00602	NA	NA	111	106	54850487;54852129;54853847;54855856;54866553	1	54866553	0.954955
HG01243	2	chr19	KIR3DL2.00601	KIR3DL2.015	NA	NA	111	106	54852129;54853847;54853865;54855856;54866553	1	54866553	0.954955
HG01243	2	chr19	KIR3DL2.00601	KIR3DL2.040	NA	NA	111	106	54852027;54852129;54853847;54855856;54866553	1	54866553	0.954955
HG01243	2	chr19	KIR3DL2.00601	KIR3DL2.04302	NA	NA	111	106	54852129;54853847;54853888;54855856;54866553	1	54866553	0.954955
HG01243	2	chr19	KIR3DL2.00601	KIR3DL2.109	NA	NA	111	106	54852049;54852129;54853847;54855856;54866553	1	54866553	0.954955
HG01243	2	chr19	KIR3DL2.00601	KIR3DL2.117	NA	NA	111	106	54852129;54853847;54855856;54866553;54866642	1	54866553	0.954955
HG01243	2	chr19	KIR3DL2.00602	KIR3DL2.00602	NA	NA	111	106	54850487;54852129;54853847;54855856;54866553	1	54866553	0.954955
HG01243	2	chr19	KIR3DL2.00602	KIR3DL2.00702	NA	NA	111	106	54850487;54852129;54852143;54853847;54855856	1	54866553	0.954955
HG01243	2	chr19	KIR3DL2.00602	KIR3DL2.00703	NA	NA	111	106	54850487;54852129;54853787;54853847;54855856	1	54866553	0.954955
HG01243	2	chr19	KIR3DL2.00602	KIR3DL2.00704	NA	NA	111	106	54850487;54852129;54853847;54855856;54865836	1	54866553	0.954955
HG01243	2	chr19	KIR3DL2.00602	KIR3DL2.00705	NA	NA	111	106	54850487;54852125;54852129;54853847;54855856	1	54866553	0.954955
HG01243	2	chr19	KIR3DL2.00602	KIR3DL2.00706	NA	NA	111	106	54850487;54852129;54853847;54853886;54855856	1	54866553	0.954955
HG01243	2	chr19	KIR3DL2.00602	KIR3DL2.00707	NA	NA	111	106	54850487;54852129;54853847;54855746;54855856	1	54866553	0.954955
HG01243	2	chr19	KIR3DL2.00602	KIR3DL2.00710	NA	NA	111	106	54850487;54852129;54853847;54855856;54865854	1	54866553	0.954955
HG01243	2	chr19	KIR3DL2.00602	KIR3DL2.00711	NA	NA	111	106	54850487;54852129;54853847;54855856;54866707	1	54866553	0.954955
HG01243	2	chr19	KIR3DL2.00602	KIR3DL2.01001	NA	NA	111	106	54850487;54852129;54852249;54853847;54855856	1	54866553	0.954955
HG01243	2	chr19	KIR3DL2.00602	KIR3DL2.017	NA	NA	111	106	54850487;54852129;54853847;54855855;54855856	1	54866553	0.954955
HG01243	2	chr19	KIR3DL2.00602	KIR3DL2.018	NA	NA	111	106	54850487;54852129;54853847;54855856;54855859	1	54866553	0.954955
HG01243	2	chr19	KIR3DL2.00602	KIR3DL2.034	NA	NA	111	106	54850487;54852129;54853847;54855736;54855856	1	54866553	0.954955
HG01243	2	chr19	KIR3DL2.00602	KIR3DL2.088	NA	NA	111	106	54850487;54852129;54853847;54855856;54866574	1	54866553	0.954955
HG01243	2	chr19	KIR3DL2.00602	KIR3DL2.089	NA	NA	111	106	54850487;54852129;54852262;54853847;54855856	1	54866553	0.954955
HG01243	2	chr19	KIR3DL2.00602	KIR3DL2.093	NA	NA	111	106	54850487;54852129;54853847;54853923;54855856	1	54866553	0.954955
HG01243	2	chr19	KIR3DL2.00602	KIR3DL2.10601	NA	NA	111	106	54850487;54852129;54852144;54853847;54855856	1	54866553	0.954955
HG01243	2	chr19	KIR3DL2.00702	KIR3DL2.00703	NA	NA	111	106	54852129;54852143;54853787;54853847;54855856	1	54866553	0.954955
HG01243	2	chr19	KIR3DL2.00702	KIR3DL2.00704	NA	NA	111	106	54852129;54852143;54853847;54855856;54865836	1	54866553	0.954955
HG01243	2	chr19	KIR3DL2.00702	KIR3DL2.00705	NA	NA	111	106	54852125;54852129;54852143;54853847;54855856	1	54866553	0.954955
HG01243	2	chr19	KIR3DL2.00702	KIR3DL2.00706	NA	NA	111	106	54852129;54852143;54853847;54853886;54855856	1	54866553	0.954955
HG01243	2	chr19	KIR3DL2.00702	KIR3DL2.00707	NA	NA	111	106	54852129;54852143;54853847;54855746;54855856	1	54866553	0.954955
HG01243	2	chr19	KIR3DL2.00702	KIR3DL2.00708	NA	NA	111	106	54850487;54852129;54852143;54853847;54855856	1	54866553	0.954955
HG01243	2	chr19	KIR3DL2.00702	KIR3DL2.00709	NA	NA	111	106	54850487;54852129;54852143;54853847;54855856	1	54866553	0.954955
HG01243	2	chr19	KIR3DL2.00702	KIR3DL2.00710	NA	NA	111	106	54852129;54852143;54853847;54855856;54865854	1	54866553	0.954955
HG01243	2	chr19	KIR3DL2.00702	KIR3DL2.00711	NA	NA	111	106	54852129;54852143;54853847;54855856;54866707	1	54866553	0.954955
HG01243	2	chr19	KIR3DL2.00702	KIR3DL2.01001	NA	NA	111	106	54852129;54852143;54852249;54853847;54855856	1	54866553	0.954955
HG01243	2	chr19	KIR3DL2.00702	KIR3DL2.015	NA	NA	111	106	54852129;54852143;54853847;54853865;54855856	1	54866553	0.954955
HG01243	2	chr19	KIR3DL2.00702	KIR3DL2.017	NA	NA	111	106	54852129;54852143;54853847;54855855;54855856	1	54866553	0.954955
HG01243	2	chr19	KIR3DL2.00702	KIR3DL2.018	NA	NA	111	106	54852129;54852143;54853847;54855856;54855859	1	54866553	0.954955
HG01243	2	chr19	KIR3DL2.00702	KIR3DL2.034	NA	NA	111	106	54852129;54852143;54853847;54855736;54855856	1	54866553	0.954955
HG01243	2	chr19	KIR3DL2.00702	KIR3DL2.040	NA	NA	111	106	54852027;54852129;54852143;54853847;54855856	1	54866553	0.954955
HG01243	2	chr19	KIR3DL2.00702	KIR3DL2.04302	NA	NA	111	106	54852129;54852143;54853847;54853888;54855856	1	54866553	0.954955
HG01243	2	chr19	KIR3DL2.00702	KIR3DL2.088	NA	NA	111	106	54852129;54852143;54853847;54855856;54866574	1	54866553	0.954955
HG01243	2	chr19	KIR3DL2.00702	KIR3DL2.089	NA	NA	111	106	54852129;54852143;54852262;54853847;54855856	1	54866553	0.954955
HG01243	2	chr19	KIR3DL2.00702	KIR3DL2.093	NA	NA	111	106	54852129;54852143;54853847;54853923;54855856	1	54866553	0.954955
HG01243	2	chr19	KIR3DL2.00702	KIR3DL2.10601	NA	NA	111	106	54852129;54852143;54852144;54853847;54855856	1	54866553	0.954955
HG01243	2	chr19	KIR3DL2.00702	KIR3DL2.109	NA	NA	111	106	54852049;54852129;54852143;54853847;54855856	1	54866553	0.954955
HG01243	2	chr19	KIR3DL2.00702	KIR3DL2.117	NA	NA	111	106	54852129;54852143;54853847;54855856;54866642	1	54866553	0.954955
HG01243	2	chr19	KIR3DL2.00703	KIR3DL2.00704	NA	NA	111	106	54852129;54853787;54853847;54855856;54865836	1	54866553	0.954955
HG01243	2	chr19	KIR3DL2.00703	KIR3DL2.00705	NA	NA	111	106	54852125;54852129;54853787;54853847;54855856	1	54866553	0.954955
HG01243	2	chr19	KIR3DL2.00703	KIR3DL2.00706	NA	NA	111	106	54852129;54853787;54853847;54853886;54855856	1	54866553	0.954955
HG01243	2	chr19	KIR3DL2.00703	KIR3DL2.00707	NA	NA	111	106	54852129;54853787;54853847;54855746;54855856	1	54866553	0.954955
HG01243	2	chr19	KIR3DL2.00703	KIR3DL2.00708	NA	NA	111	106	54850487;54852129;54853787;54853847;54855856	1	54866553	0.954955
HG01243	2	chr19	KIR3DL2.00703	KIR3DL2.00709	NA	NA	111	106	54850487;54852129;54853787;54853847;54855856	1	54866553	0.954955
HG01243	2	chr19	KIR3DL2.00703	KIR3DL2.00710	NA	NA	111	106	54852129;54853787;54853847;54855856;54865854	1	54866553	0.954955
HG01243	2	chr19	KIR3DL2.00703	KIR3DL2.00711	NA	NA	111	106	54852129;54853787;54853847;54855856;54866707	1	54866553	0.954955
HG01243	2	chr19	KIR3DL2.00703	KIR3DL2.01001	NA	NA	111	106	54852129;54852249;54853787;54853847;54855856	1	54866553	0.954955
HG01243	2	chr19	KIR3DL2.00703	KIR3DL2.015	NA	NA	111	106	54852129;54853787;54853847;54853865;54855856	1	54866553	0.954955
HG01243	2	chr19	KIR3DL2.00703	KIR3DL2.017	NA	NA	111	106	54852129;54853787;54853847;54855855;54855856	1	54866553	0.954955
HG01243	2	chr19	KIR3DL2.00703	KIR3DL2.018	NA	NA	111	106	54852129;54853787;54853847;54855856;54855859	1	54866553	0.954955
HG01243	2	chr19	KIR3DL2.00703	KIR3DL2.034	NA	NA	111	106	54852129;54853787;54853847;54855736;54855856	1	54866553	0.954955
HG01243	2	chr19	KIR3DL2.00703	KIR3DL2.040	NA	NA	111	106	54852027;54852129;54853787;54853847;54855856	1	54866553	0.954955
HG01243	2	chr19	KIR3DL2.00703	KIR3DL2.04302	NA	NA	111	106	54852129;54853787;54853847;54853888;54855856	1	54866553	0.954955
HG01243	2	chr19	KIR3DL2.00703	KIR3DL2.088	NA	NA	111	106	54852129;54853787;54853847;54855856;54866574	1	54866553	0.954955
HG01243	2	chr19	KIR3DL2.00703	KIR3DL2.089	NA	NA	111	106	54852129;54852262;54853787;54853847;54855856	1	54866553	0.954955
HG01243	2	chr19	KIR3DL2.00703	KIR3DL2.093	NA	NA	111	106	54852129;54853787;54853847;54853923;54855856	1	54866553	0.954955
HG01243	2	chr19	KIR3DL2.00703	KIR3DL2.10601	NA	NA	111	106	54852129;54852144;54853787;54853847;54855856	1	54866553	0.954955
HG01243	2	chr19	KIR3DL2.00703	KIR3DL2.109	NA	NA	111	106	54852049;54852129;54853787;54853847;54855856	1	54866553	0.954955
HG01243	2	chr19	KIR3DL2.00703	KIR3DL2.117	NA	NA	111	106	54852129;54853787;54853847;54855856;54866642	1	54866553	0.954955
HG01243	2	chr19	KIR3DL2.00704	KIR3DL2.00705	NA	NA	111	106	54852125;54852129;54853847;54855856;54865836	1	54866553	0.954955
HG01243	2	chr19	KIR3DL2.00704	KIR3DL2.00706	NA	NA	111	106	54852129;54853847;54853886;54855856;54865836	1	54866553	0.954955
HG01243	2	chr19	KIR3DL2.00704	KIR3DL2.00707	NA	NA	111	106	54852129;54853847;54855746;54855856;54865836	1	54866553	0.954955
HG01243	2	chr19	KIR3DL2.00704	KIR3DL2.00708	NA	NA	111	106	54850487;54852129;54853847;54855856;54865836	1	54866553	0.954955
HG01243	2	chr19	KIR3DL2.00704	KIR3DL2.00709	NA	NA	111	106	54850487;54852129;54853847;54855856;54865836	1	54866553	0.954955
HG01243	2	chr19	KIR3DL2.00704	KIR3DL2.00710	NA	NA	111	106	54852129;54853847;54855856;54865836;54865854	1	54866553	0.954955
HG01243	2	chr19	KIR3DL2.00704	KIR3DL2.00711	NA	NA	111	106	54852129;54853847;54855856;54865836;54866707	1	54866553	0.954955
HG01243	2	chr19	KIR3DL2.00704	KIR3DL2.01001	NA	NA	111	106	54852129;54852249;54853847;54855856;54865836	1	54866553	0.954955
HG01243	2	chr19	KIR3DL2.00704	KIR3DL2.015	NA	NA	111	106	54852129;54853847;54853865;54855856;54865836	1	54866553	0.954955
HG01243	2	chr19	KIR3DL2.00704	KIR3DL2.017	NA	NA	111	106	54852129;54853847;54855855;54855856;54865836	1	54866553	0.954955
HG01243	2	chr19	KIR3DL2.00704	KIR3DL2.018	NA	NA	111	106	54852129;54853847;54855856;54855859;54865836	1	54866553	0.954955
HG01243	2	chr19	KIR3DL2.00704	KIR3DL2.034	NA	NA	111	106	54852129;54853847;54855736;54855856;54865836	1	54866553	0.954955
HG01243	2	chr19	KIR3DL2.00704	KIR3DL2.040	NA	NA	111	106	54852027;54852129;54853847;54855856;54865836	1	54866553	0.954955
HG01243	2	chr19	KIR3DL2.00704	KIR3DL2.04302	NA	NA	111	106	54852129;54853847;54853888;54855856;54865836	1	54866553	0.954955
HG01243	2	chr19	KIR3DL2.00704	KIR3DL2.088	NA	NA	111	106	54852129;54853847;54855856;54865836;54866574	1	54866553	0.954955
HG01243	2	chr19	KIR3DL2.00704	KIR3DL2.089	NA	NA	111	106	54852129;54852262;54853847;54855856;54865836	1	54866553	0.954955
HG01243	2	chr19	KIR3DL2.00704	KIR3DL2.093	NA	NA	111	106	54852129;54853847;54853923;54855856;54865836	1	54866553	0.954955
HG01243	2	chr19	KIR3DL2.00704	KIR3DL2.10601	NA	NA	111	106	54852129;54852144;54853847;54855856;54865836	1	54866553	0.954955
HG01243	2	chr19	KIR3DL2.00704	KIR3DL2.109	NA	NA	111	106	54852049;54852129;54853847;54855856;54865836	1	54866553	0.954955
HG01243	2	chr19	KIR3DL2.00704	KIR3DL2.117	NA	NA	111	106	54852129;54853847;54855856;54865836;54866642	1	54866553	0.954955
HG01243	2	chr19	KIR3DL2.00705	KIR3DL2.00706	NA	NA	111	106	54852125;54852129;54853847;54853886;54855856	1	54866553	0.954955
HG01243	2	chr19	KIR3DL2.00705	KIR3DL2.00707	NA	NA	111	106	54852125;54852129;54853847;54855746;54855856	1	54866553	0.954955
HG01243	2	chr19	KIR3DL2.00705	KIR3DL2.00708	NA	NA	111	106	54850487;54852125;54852129;54853847;54855856	1	54866553	0.954955
HG01243	2	chr19	KIR3DL2.00705	KIR3DL2.00709	NA	NA	111	106	54850487;54852125;54852129;54853847;54855856	1	54866553	0.954955
HG01243	2	chr19	KIR3DL2.00705	KIR3DL2.00710	NA	NA	111	106	54852125;54852129;54853847;54855856;54865854	1	54866553	0.954955
HG01243	2	chr19	KIR3DL2.00705	KIR3DL2.00711	NA	NA	111	106	54852125;54852129;54853847;54855856;54866707	1	54866553	0.954955
HG01243	2	chr19	KIR3DL2.00705	KIR3DL2.01001	NA	NA	111	106	54852125;54852129;54852249;54853847;54855856	1	54866553	0.954955
HG01243	2	chr19	KIR3DL2.00705	KIR3DL2.015	NA	NA	111	106	54852125;54852129;54853847;54853865;54855856	1	54866553	0.954955
HG01243	2	chr19	KIR3DL2.00705	KIR3DL2.017	NA	NA	111	106	54852125;54852129;54853847;54855855;54855856	1	54866553	0.954955
HG01243	2	chr19	KIR3DL2.00705	KIR3DL2.018	NA	NA	111	106	54852125;54852129;54853847;54855856;54855859	1	54866553	0.954955
HG01243	2	chr19	KIR3DL2.00705	KIR3DL2.034	NA	NA	111	106	54852125;54852129;54853847;54855736;54855856	1	54866553	0.954955
HG01243	2	chr19	KIR3DL2.00705	KIR3DL2.040	NA	NA	111	106	54852027;54852125;54852129;54853847;54855856	1	54866553	0.954955
HG01243	2	chr19	KIR3DL2.00705	KIR3DL2.04302	NA	NA	111	106	54852125;54852129;54853847;54853888;54855856	1	54866553	0.954955
HG01243	2	chr19	KIR3DL2.00705	KIR3DL2.088	NA	NA	111	106	54852125;54852129;54853847;54855856;54866574	1	54866553	0.954955
HG01243	2	chr19	KIR3DL2.00705	KIR3DL2.089	NA	NA	111	106	54852125;54852129;54852262;54853847;54855856	1	54866553	0.954955
HG01243	2	chr19	KIR3DL2.00705	KIR3DL2.093	NA	NA	111	106	54852125;54852129;54853847;54853923;54855856	1	54866553	0.954955
HG01243	2	chr19	KIR3DL2.00705	KIR3DL2.10601	NA	NA	111	106	54852125;54852129;54852144;54853847;54855856	1	54866553	0.954955
HG01243	2	chr19	KIR3DL2.00705	KIR3DL2.109	NA	NA	111	106	54852049;54852125;54852129;54853847;54855856	1	54866553	0.954955
HG01243	2	chr19	KIR3DL2.00705	KIR3DL2.117	NA	NA	111	106	54852125;54852129;54853847;54855856;54866642	1	54866553	0.954955
HG01243	2	chr19	KIR3DL2.00706	KIR3DL2.00707	NA	NA	111	106	54852129;54853847;54853886;54855746;54855856	1	54866553	0.954955
HG01243	2	chr19	KIR3DL2.00706	KIR3DL2.00708	NA	NA	111	106	54850487;54852129;54853847;54853886;54855856	1	54866553	0.954955
HG01243	2	chr19	KIR3DL2.00706	KIR3DL2.00709	NA	NA	111	106	54850487;54852129;54853847;54853886;54855856	1	54866553	0.954955
HG01243	2	chr19	KIR3DL2.00706	KIR3DL2.00710	NA	NA	111	106	54852129;54853847;54853886;54855856;54865854	1	54866553	0.954955
HG01243	2	chr19	KIR3DL2.00706	KIR3DL2.00711	NA	NA	111	106	54852129;54853847;54853886;54855856;54866707	1	54866553	0.954955
HG01243	2	chr19	KIR3DL2.00706	KIR3DL2.01001	NA	NA	111	106	54852129;54852249;54853847;54853886;54855856	1	54866553	0.954955
HG01243	2	chr19	KIR3DL2.00706	KIR3DL2.015	NA	NA	111	106	54852129;54853847;54853865;54853886;54855856	1	54866553	0.954955
HG01243	2	chr19	KIR3DL2.00706	KIR3DL2.017	NA	NA	111	106	54852129;54853847;54853886;54855855;54855856	1	54866553	0.954955
HG01243	2	chr19	KIR3DL2.00706	KIR3DL2.018	NA	NA	111	106	54852129;54853847;54853886;54855856;54855859	1	54866553	0.954955
HG01243	2	chr19	KIR3DL2.00706	KIR3DL2.034	NA	NA	111	106	54852129;54853847;54853886;54855736;54855856	1	54866553	0.954955
HG01243	2	chr19	KIR3DL2.00706	KIR3DL2.040	NA	NA	111	106	54852027;54852129;54853847;54853886;54855856	1	54866553	0.954955
HG01243	2	chr19	KIR3DL2.00706	KIR3DL2.04302	NA	NA	111	106	54852129;54853847;54853886;54853888;54855856	1	54866553	0.954955
HG01243	2	chr19	KIR3DL2.00706	KIR3DL2.088	NA	NA	111	106	54852129;54853847;54853886;54855856;54866574	1	54866553	0.954955
HG01243	2	chr19	KIR3DL2.00706	KIR3DL2.089	NA	NA	111	106	54852129;54852262;54853847;54853886;54855856	1	54866553	0.954955
HG01243	2	chr19	KIR3DL2.00706	KIR3DL2.093	NA	NA	111	106	54852129;54853847;54853886;54853923;54855856	1	54866553	0.954955
HG01243	2	chr19	KIR3DL2.00706	KIR3DL2.10601	NA	NA	111	106	54852129;54852144;54853847;54853886;54855856	1	54866553	0.954955
HG01243	2	chr19	KIR3DL2.00706	KIR3DL2.109	NA	NA	111	106	54852049;54852129;54853847;54853886;54855856	1	54866553	0.954955
HG01243	2	chr19	KIR3DL2.00706	KIR3DL2.117	NA	NA	111	106	54852129;54853847;54853886;54855856;54866642	1	54866553	0.954955
HG01243	2	chr19	KIR3DL2.00707	KIR3DL2.00708	NA	NA	111	106	54850487;54852129;54853847;54855746;54855856	1	54866553	0.954955
HG01243	2	chr19	KIR3DL2.00707	KIR3DL2.00709	NA	NA	111	106	54850487;54852129;54853847;54855746;54855856	1	54866553	0.954955
HG01243	2	chr19	KIR3DL2.00707	KIR3DL2.00710	NA	NA	111	106	54852129;54853847;54855746;54855856;54865854	1	54866553	0.954955
HG01243	2	chr19	KIR3DL2.00707	KIR3DL2.00711	NA	NA	111	106	54852129;54853847;54855746;54855856;54866707	1	54866553	0.954955
HG01243	2	chr19	KIR3DL2.00707	KIR3DL2.01001	NA	NA	111	106	54852129;54852249;54853847;54855746;54855856	1	54866553	0.954955
HG01243	2	chr19	KIR3DL2.00707	KIR3DL2.015	NA	NA	111	106	54852129;54853847;54853865;54855746;54855856	1	54866553	0.954955
HG01243	2	chr19	KIR3DL2.00707	KIR3DL2.017	NA	NA	111	106	54852129;54853847;54855746;54855855;54855856	1	54866553	0.954955
HG01243	2	chr19	KIR3DL2.00707	KIR3DL2.018	NA	NA	111	106	54852129;54853847;54855746;54855856;54855859	1	54866553	0.954955
HG01243	2	chr19	KIR3DL2.00707	KIR3DL2.034	NA	NA	111	106	54852129;54853847;54855736;54855746;54855856	1	54866553	0.954955
HG01243	2	chr19	KIR3DL2.00707	KIR3DL2.040	NA	NA	111	106	54852027;54852129;54853847;54855746;54855856	1	54866553	0.954955
HG01243	2	chr19	KIR3DL2.00707	KIR3DL2.04302	NA	NA	111	106	54852129;54853847;54853888;54855746;54855856	1	54866553	0.954955
HG01243	2	chr19	KIR3DL2.00707	KIR3DL2.088	NA	NA	111	106	54852129;54853847;54855746;54855856;54866574	1	54866553	0.954955
HG01243	2	chr19	KIR3DL2.00707	KIR3DL2.089	NA	NA	111	106	54852129;54852262;54853847;54855746;54855856	1	54866553	0.954955
HG01243	2	chr19	KIR3DL2.00707	KIR3DL2.093	NA	NA	111	106	54852129;54853847;54853923;54855746;54855856	1	54866553	0.954955
HG01243	2	chr19	KIR3DL2.00707	KIR3DL2.10601	NA	NA	111	106	54852129;54852144;54853847;54855746;54855856	1	54866553	0.954955
HG01243	2	chr19	KIR3DL2.00707	KIR3DL2.109	NA	NA	111	106	54852049;54852129;54853847;54855746;54855856	1	54866553	0.954955
HG01243	2	chr19	KIR3DL2.00707	KIR3DL2.117	NA	NA	111	106	54852129;54853847;54855746;54855856;54866642	1	54866553	0.954955
HG01243	2	chr19	KIR3DL2.00708	KIR3DL2.00710	NA	NA	111	106	54850487;54852129;54853847;54855856;54865854	1	54866553	0.954955
HG01243	2	chr19	KIR3DL2.00708	KIR3DL2.00711	NA	NA	111	106	54850487;54852129;54853847;54855856;54866707	1	54866553	0.954955
HG01243	2	chr19	KIR3DL2.00708	KIR3DL2.01001	NA	NA	111	106	54850487;54852129;54852249;54853847;54855856	1	54866553	0.954955
HG01243	2	chr19	KIR3DL2.00708	KIR3DL2.015	NA	NA	111	106	54850487;54852129;54853847;54853865;54855856	1	54866553	0.954955
HG01243	2	chr19	KIR3DL2.00708	KIR3DL2.017	NA	NA	111	106	54850487;54852129;54853847;54855855;54855856	1	54866553	0.954955
HG01243	2	chr19	KIR3DL2.00708	KIR3DL2.018	NA	NA	111	106	54850487;54852129;54853847;54855856;54855859	1	54866553	0.954955
HG01243	2	chr19	KIR3DL2.00708	KIR3DL2.034	NA	NA	111	106	54850487;54852129;54853847;54855736;54855856	1	54866553	0.954955
HG01243	2	chr19	KIR3DL2.00708	KIR3DL2.040	NA	NA	111	106	54850487;54852027;54852129;54853847;54855856	1	54866553	0.954955
HG01243	2	chr19	KIR3DL2.00708	KIR3DL2.04302	NA	NA	111	106	54850487;54852129;54853847;54853888;54855856	1	54866553	0.954955
HG01243	2	chr19	KIR3DL2.00708	KIR3DL2.088	NA	NA	111	106	54850487;54852129;54853847;54855856;54866574	1	54866553	0.954955
HG01243	2	chr19	KIR3DL2.00708	KIR3DL2.089	NA	NA	111	106	54850487;54852129;54852262;54853847;54855856	1	54866553	0.954955
HG01243	2	chr19	KIR3DL2.00708	KIR3DL2.093	NA	NA	111	106	54850487;54852129;54853847;54853923;54855856	1	54866553	0.954955
HG01243	2	chr19	KIR3DL2.00708	KIR3DL2.10601	NA	NA	111	106	54850487;54852129;54852144;54853847;54855856	1	54866553	0.954955
HG01243	2	chr19	KIR3DL2.00708	KIR3DL2.109	NA	NA	111	106	54850487;54852049;54852129;54853847;54855856	1	54866553	0.954955
HG01243	2	chr19	KIR3DL2.00708	KIR3DL2.117	NA	NA	111	106	54850487;54852129;54853847;54855856;54866642	1	54866553	0.954955
HG01243	2	chr19	KIR3DL2.00709	KIR3DL2.00710	NA	NA	111	106	54850487;54852129;54853847;54855856;54865854	1	54866553	0.954955
HG01243	2	chr19	KIR3DL2.00709	KIR3DL2.00711	NA	NA	111	106	54850487;54852129;54853847;54855856;54866707	1	54866553	0.954955
HG01243	2	chr19	KIR3DL2.00709	KIR3DL2.01001	NA	NA	111	106	54850487;54852129;54852249;54853847;54855856	1	54866553	0.954955
HG01243	2	chr19	KIR3DL2.00709	KIR3DL2.015	NA	NA	111	106	54850487;54852129;54853847;54853865;54855856	1	54866553	0.954955
HG01243	2	chr19	KIR3DL2.00709	KIR3DL2.017	NA	NA	111	106	54850487;54852129;54853847;54855855;54855856	1	54866553	0.954955
HG01243	2	chr19	KIR3DL2.00709	KIR3DL2.018	NA	NA	111	106	54850487;54852129;54853847;54855856;54855859	1	54866553	0.954955
HG01243	2	chr19	KIR3DL2.00709	KIR3DL2.034	NA	NA	111	106	54850487;54852129;54853847;54855736;54855856	1	54866553	0.954955
HG01243	2	chr19	KIR3DL2.00709	KIR3DL2.040	NA	NA	111	106	54850487;54852027;54852129;54853847;54855856	1	54866553	0.954955
HG01243	2	chr19	KIR3DL2.00709	KIR3DL2.04302	NA	NA	111	106	54850487;54852129;54853847;54853888;54855856	1	54866553	0.954955
HG01243	2	chr19	KIR3DL2.00709	KIR3DL2.088	NA	NA	111	106	54850487;54852129;54853847;54855856;54866574	1	54866553	0.954955
HG01243	2	chr19	KIR3DL2.00709	KIR3DL2.089	NA	NA	111	106	54850487;54852129;54852262;54853847;54855856	1	54866553	0.954955
HG01243	2	chr19	KIR3DL2.00709	KIR3DL2.093	NA	NA	111	106	54850487;54852129;54853847;54853923;54855856	1	54866553	0.954955
HG01243	2	chr19	KIR3DL2.00709	KIR3DL2.10601	NA	NA	111	106	54850487;54852129;54852144;54853847;54855856	1	54866553	0.954955
HG01243	2	chr19	KIR3DL2.00709	KIR3DL2.109	NA	NA	111	106	54850487;54852049;54852129;54853847;54855856	1	54866553	0.954955
HG01243	2	chr19	KIR3DL2.00709	KIR3DL2.117	NA	NA	111	106	54850487;54852129;54853847;54855856;54866642	1	54866553	0.954955
HG01243	2	chr19	KIR3DL2.00710	KIR3DL2.00711	NA	NA	111	106	54852129;54853847;54855856;54865854;54866707	1	54866553	0.954955
HG01243	2	chr19	KIR3DL2.00710	KIR3DL2.01001	NA	NA	111	106	54852129;54852249;54853847;54855856;54865854	1	54866553	0.954955
HG01243	2	chr19	KIR3DL2.00710	KIR3DL2.015	NA	NA	111	106	54852129;54853847;54853865;54855856;54865854	1	54866553	0.954955
HG01243	2	chr19	KIR3DL2.00710	KIR3DL2.017	NA	NA	111	106	54852129;54853847;54855855;54855856;54865854	1	54866553	0.954955
HG01243	2	chr19	KIR3DL2.00710	KIR3DL2.018	NA	NA	111	106	54852129;54853847;54855856;54855859;54865854	1	54866553	0.954955
HG01243	2	chr19	KIR3DL2.00710	KIR3DL2.034	NA	NA	111	106	54852129;54853847;54855736;54855856;54865854	1	54866553	0.954955
HG01243	2	chr19	KIR3DL2.00710	KIR3DL2.040	NA	NA	111	106	54852027;54852129;54853847;54855856;54865854	1	54866553	0.954955
HG01243	2	chr19	KIR3DL2.00710	KIR3DL2.04302	NA	NA	111	106	54852129;54853847;54853888;54855856;54865854	1	54866553	0.954955
HG01243	2	chr19	KIR3DL2.00710	KIR3DL2.088	NA	NA	111	106	54852129;54853847;54855856;54865854;54866574	1	54866553	0.954955
HG01243	2	chr19	KIR3DL2.00710	KIR3DL2.089	NA	NA	111	106	54852129;54852262;54853847;54855856;54865854	1	54866553	0.954955
HG01243	2	chr19	KIR3DL2.00710	KIR3DL2.093	NA	NA	111	106	54852129;54853847;54853923;54855856;54865854	1	54866553	0.954955
HG01243	2	chr19	KIR3DL2.00710	KIR3DL2.10601	NA	NA	111	106	54852129;54852144;54853847;54855856;54865854	1	54866553	0.954955
HG01243	2	chr19	KIR3DL2.00710	KIR3DL2.109	NA	NA	111	106	54852049;54852129;54853847;54855856;54865854	1	54866553	0.954955
HG01243	2	chr19	KIR3DL2.00710	KIR3DL2.117	NA	NA	111	106	54852129;54853847;54855856;54865854;54866642	1	54866553	0.954955
HG01243	2	chr19	KIR3DL2.00711	KIR3DL2.01001	NA	NA	111	106	54852129;54852249;54853847;54855856;54866707	1	54866553	0.954955
HG01243	2	chr19	KIR3DL2.00711	KIR3DL2.015	NA	NA	111	106	54852129;54853847;54853865;54855856;54866707	1	54866553	0.954955
HG01243	2	chr19	KIR3DL2.00711	KIR3DL2.017	NA	NA	111	106	54852129;54853847;54855855;54855856;54866707	1	54866553	0.954955
HG01243	2	chr19	KIR3DL2.00711	KIR3DL2.018	NA	NA	111	106	54852129;54853847;54855856;54855859;54866707	1	54866553	0.954955
HG01243	2	chr19	KIR3DL2.00711	KIR3DL2.034	NA	NA	111	106	54852129;54853847;54855736;54855856;54866707	1	54866553	0.954955
HG01243	2	chr19	KIR3DL2.00711	KIR3DL2.040	NA	NA	111	106	54852027;54852129;54853847;54855856;54866707	1	54866553	0.954955
HG01243	2	chr19	KIR3DL2.00711	KIR3DL2.04302	NA	NA	111	106	54852129;54853847;54853888;54855856;54866707	1	54866553	0.954955
HG01243	2	chr19	KIR3DL2.00711	KIR3DL2.088	NA	NA	111	106	54852129;54853847;54855856;54866574;54866707	1	54866553	0.954955
HG01243	2	chr19	KIR3DL2.00711	KIR3DL2.089	NA	NA	111	106	54852129;54852262;54853847;54855856;54866707	1	54866553	0.954955
HG01243	2	chr19	KIR3DL2.00711	KIR3DL2.093	NA	NA	111	106	54852129;54853847;54853923;54855856;54866707	1	54866553	0.954955
HG01243	2	chr19	KIR3DL2.00711	KIR3DL2.10601	NA	NA	111	106	54852129;54852144;54853847;54855856;54866707	1	54866553	0.954955
HG01243	2	chr19	KIR3DL2.00711	KIR3DL2.109	NA	NA	111	106	54852049;54852129;54853847;54855856;54866707	1	54866553	0.954955
HG01243	2	chr19	KIR3DL2.00711	KIR3DL2.117	NA	NA	111	106	54852129;54853847;54855856;54866642;54866707	1	54866553	0.954955
HG01243	2	chr19	KIR3DL2.00902	KIR3DL2.00902	NA	NA	111	106	54852129;54852249;54853847;54855856;54866553	1	54866553	0.954955
HG01243	2	chr19	KIR3DL2.00902	KIR3DL2.01901	NA	NA	111	106	54852129;54852249;54853847;54855856;54866553	1	54866553	0.954955
HG01243	2	chr19	KIR3DL2.01001	KIR3DL2.015	NA	NA	111	106	54852129;54852249;54853847;54853865;54855856	1	54866553	0.954955
HG01243	2	chr19	KIR3DL2.01001	KIR3DL2.017	NA	NA	111	106	54852129;54852249;54853847;54855855;54855856	1	54866553	0.954955
HG01243	2	chr19	KIR3DL2.01001	KIR3DL2.018	NA	NA	111	106	54852129;54852249;54853847;54855856;54855859	1	54866553	0.954955
HG01243	2	chr19	KIR3DL2.01001	KIR3DL2.034	NA	NA	111	106	54852129;54852249;54853847;54855736;54855856	1	54866553	0.954955
HG01243	2	chr19	KIR3DL2.01001	KIR3DL2.040	NA	NA	111	106	54852027;54852129;54852249;54853847;54855856	1	54866553	0.954955
HG01243	2	chr19	KIR3DL2.01001	KIR3DL2.04302	NA	NA	111	106	54852129;54852249;54853847;54853888;54855856	1	54866553	0.954955
HG01243	2	chr19	KIR3DL2.01001	KIR3DL2.088	NA	NA	111	106	54852129;54852249;54853847;54855856;54866574	1	54866553	0.954955
HG01243	2	chr19	KIR3DL2.01001	KIR3DL2.089	NA	NA	111	106	54852129;54852249;54852262;54853847;54855856	1	54866553	0.954955
HG01243	2	chr19	KIR3DL2.01001	KIR3DL2.093	NA	NA	111	106	54852129;54852249;54853847;54853923;54855856	1	54866553	0.954955
HG01243	2	chr19	KIR3DL2.01001	KIR3DL2.10601	NA	NA	111	106	54852129;54852144;54852249;54853847;54855856	1	54866553	0.954955
HG01243	2	chr19	KIR3DL2.01001	KIR3DL2.109	NA	NA	111	106	54852049;54852129;54852249;54853847;54855856	1	54866553	0.954955
HG01243	2	chr19	KIR3DL2.01001	KIR3DL2.117	NA	NA	111	106	54852129;54852249;54853847;54855856;54866642	1	54866553	0.954955
HG01243	2	chr19	KIR3DL2.014	KIR3DL2.014	NA	NA	108	103	54852027;54852129;54853847;54855856;54866553	1	54866553	0.953704
HG01243	2	chr19	KIR3DL2.014	KIR3DL2.01901	NA	NA	111	106	54852027;54852129;54853847;54855856;54866553	1	54866553	0.954955
HG01243	2	chr19	KIR3DL2.015	KIR3DL2.015	NA	NA	111	106	54852129;54853847;54853865;54855856;54866553	1	54866553	0.954955
HG01243	2	chr19	KIR3DL2.015	KIR3DL2.017	NA	NA	111	106	54852129;54853847;54853865;54855855;54855856	1	54866553	0.954955
HG01243	2	chr19	KIR3DL2.015	KIR3DL2.018	NA	NA	111	106	54852129;54853847;54853865;54855856;54855859	1	54866553	0.954955
HG01243	2	chr19	KIR3DL2.015	KIR3DL2.034	NA	NA	111	106	54852129;54853847;54853865;54855736;54855856	1	54866553	0.954955
HG01243	2	chr19	KIR3DL2.015	KIR3DL2.088	NA	NA	111	106	54852129;54853847;54853865;54855856;54866574	1	54866553	0.954955
HG01243	2	chr19	KIR3DL2.015	KIR3DL2.089	NA	NA	111	106	54852129;54852262;54853847;54853865;54855856	1	54866553	0.954955
HG01243	2	chr19	KIR3DL2.015	KIR3DL2.093	NA	NA	111	106	54852129;54853847;54853865;54853923;54855856	1	54866553	0.954955
HG01243	2	chr19	KIR3DL2.015	KIR3DL2.10601	NA	NA	111	106	54852129;54852144;54853847;54853865;54855856	1	54866553	0.954955
HG01243	2	chr19	KIR3DL2.017	KIR3DL2.018	NA	NA	111	106	54852129;54853847;54855855;54855856;54855859	1	54866553	0.954955
HG01243	2	chr19	KIR3DL2.017	KIR3DL2.034	NA	NA	111	106	54852129;54853847;54855736;54855855;54855856	1	54866553	0.954955
HG01243	2	chr19	KIR3DL2.017	KIR3DL2.040	NA	NA	111	106	54852027;54852129;54853847;54855855;54855856	1	54866553	0.954955
HG01243	2	chr19	KIR3DL2.017	KIR3DL2.04302	NA	NA	111	106	54852129;54853847;54853888;54855855;54855856	1	54866553	0.954955
HG01243	2	chr19	KIR3DL2.017	KIR3DL2.088	NA	NA	111	106	54852129;54853847;54855855;54855856;54866574	1	54866553	0.954955
HG01243	2	chr19	KIR3DL2.017	KIR3DL2.089	NA	NA	111	106	54852129;54852262;54853847;54855855;54855856	1	54866553	0.954955
HG01243	2	chr19	KIR3DL2.017	KIR3DL2.093	NA	NA	111	106	54852129;54853847;54853923;54855855;54855856	1	54866553	0.954955
HG01243	2	chr19	KIR3DL2.017	KIR3DL2.10601	NA	NA	111	106	54852129;54852144;54853847;54855855;54855856	1	54866553	0.954955
HG01243	2	chr19	KIR3DL2.017	KIR3DL2.109	NA	NA	111	106	54852049;54852129;54853847;54855855;54855856	1	54866553	0.954955
HG01243	2	chr19	KIR3DL2.017	KIR3DL2.117	NA	NA	111	106	54852129;54853847;54855855;54855856;54866642	1	54866553	0.954955
HG01243	2	chr19	KIR3DL2.018	KIR3DL2.034	NA	NA	111	106	54852129;54853847;54855736;54855856;54855859	1	54866553	0.954955
HG01243	2	chr19	KIR3DL2.018	KIR3DL2.040	NA	NA	111	106	54852027;54852129;54853847;54855856;54855859	1	54866553	0.954955
HG01243	2	chr19	KIR3DL2.018	KIR3DL2.04302	NA	NA	111	106	54852129;54853847;54853888;54855856;54855859	1	54866553	0.954955
HG01243	2	chr19	KIR3DL2.018	KIR3DL2.088	NA	NA	111	106	54852129;54853847;54855856;54855859;54866574	1	54866553	0.954955
HG01243	2	chr19	KIR3DL2.018	KIR3DL2.089	NA	NA	111	106	54852129;54852262;54853847;54855856;54855859	1	54866553	0.954955
HG01243	2	chr19	KIR3DL2.018	KIR3DL2.093	NA	NA	111	106	54852129;54853847;54853923;54855856;54855859	1	54866553	0.954955
HG01243	2	chr19	KIR3DL2.018	KIR3DL2.10601	NA	NA	111	106	54852129;54852144;54853847;54855856;54855859	1	54866553	0.954955
HG01243	2	chr19	KIR3DL2.018	KIR3DL2.109	NA	NA	111	106	54852049;54852129;54853847;54855856;54855859	1	54866553	0.954955
HG01243	2	chr19	KIR3DL2.018	KIR3DL2.117	NA	NA	111	106	54852129;54853847;54855856;54855859;54866642	1	54866553	0.954955
HG01243	2	chr19	KIR3DL2.01901	KIR3DL2.01902	NA	NA	111	106	54850487;54852129;54853847;54855856;54866553	1	54866553	0.954955
HG01243	2	chr19	KIR3DL2.01902	KIR3DL2.01902	NA	NA	111	106	54850487;54852129;54853847;54855856;54866553	1	54866553	0.954955
HG01243	2	chr19	KIR3DL2.034	KIR3DL2.040	NA	NA	111	106	54852027;54852129;54853847;54855736;54855856	1	54866553	0.954955
HG01243	2	chr19	KIR3DL2.034	KIR3DL2.04302	NA	NA	111	106	54852129;54853847;54853888;54855736;54855856	1	54866553	0.954955
HG01243	2	chr19	KIR3DL2.034	KIR3DL2.088	NA	NA	111	106	54852129;54853847;54855736;54855856;54866574	1	54866553	0.954955
HG01243	2	chr19	KIR3DL2.034	KIR3DL2.089	NA	NA	111	106	54852129;54852262;54853847;54855736;54855856	1	54866553	0.954955
HG01243	2	chr19	KIR3DL2.034	KIR3DL2.093	NA	NA	111	106	54852129;54853847;54853923;54855736;54855856	1	54866553	0.954955
HG01243	2	chr19	KIR3DL2.034	KIR3DL2.10601	NA	NA	111	106	54852129;54852144;54853847;54855736;54855856	1	54866553	0.954955
HG01243	2	chr19	KIR3DL2.034	KIR3DL2.109	NA	NA	111	106	54852049;54852129;54853847;54855736;54855856	1	54866553	0.954955
HG01243	2	chr19	KIR3DL2.034	KIR3DL2.117	NA	NA	111	106	54852129;54853847;54855736;54855856;54866642	1	54866553	0.954955
HG01243	2	chr19	KIR3DL2.040	KIR3DL2.040	NA	NA	111	106	54852027;54852129;54853847;54855856;54866553	1	54866553	0.954955
HG01243	2	chr19	KIR3DL2.040	KIR3DL2.088	NA	NA	111	106	54852027;54852129;54853847;54855856;54866574	1	54866553	0.954955
HG01243	2	chr19	KIR3DL2.040	KIR3DL2.089	NA	NA	111	106	54852027;54852129;54852262;54853847;54855856	1	54866553	0.954955
HG01243	2	chr19	KIR3DL2.040	KIR3DL2.093	NA	NA	111	106	54852027;54852129;54853847;54853923;54855856	1	54866553	0.954955
HG01243	2	chr19	KIR3DL2.040	KIR3DL2.10601	NA	NA	111	106	54852027;54852129;54852144;54853847;54855856	1	54866553	0.954955
HG01243	2	chr19	KIR3DL2.04302	KIR3DL2.04302	NA	NA	111	106	54852129;54853847;54853888;54855856;54866553	1	54866553	0.954955
HG01243	2	chr19	KIR3DL2.04302	KIR3DL2.088	NA	NA	111	106	54852129;54853847;54853888;54855856;54866574	1	54866553	0.954955
HG01243	2	chr19	KIR3DL2.04302	KIR3DL2.089	NA	NA	111	106	54852129;54852262;54853847;54853888;54855856	1	54866553	0.954955
HG01243	2	chr19	KIR3DL2.04302	KIR3DL2.093	NA	NA	111	106	54852129;54853847;54853888;54853923;54855856	1	54866553	0.954955
HG01243	2	chr19	KIR3DL2.04302	KIR3DL2.10601	NA	NA	111	106	54852129;54852144;54853847;54853888;54855856	1	54866553	0.954955
HG01243	2	chr19	KIR3DL2.088	KIR3DL2.089	NA	NA	111	106	54852129;54852262;54853847;54855856;54866574	1	54866553	0.954955
HG01243	2	chr19	KIR3DL2.088	KIR3DL2.093	NA	NA	111	106	54852129;54853847;54853923;54855856;54866574	1	54866553	0.954955
HG01243	2	chr19	KIR3DL2.088	KIR3DL2.10601	NA	NA	111	106	54852129;54852144;54853847;54855856;54866574	1	54866553	0.954955
HG01243	2	chr19	KIR3DL2.088	KIR3DL2.109	NA	NA	111	106	54852049;54852129;54853847;54855856;54866574	1	54866553	0.954955
HG01243	2	chr19	KIR3DL2.088	KIR3DL2.117	NA	NA	111	106	54852129;54853847;54855856;54866574;54866642	1	54866553	0.954955
HG01243	2	chr19	KIR3DL2.089	KIR3DL2.093	NA	NA	111	106	54852129;54852262;54853847;54853923;54855856	1	54866553	0.954955
HG01243	2	chr19	KIR3DL2.089	KIR3DL2.10601	NA	NA	111	106	54852129;54852144;54852262;54853847;54855856	1	54866553	0.954955
HG01243	2	chr19	KIR3DL2.089	KIR3DL2.109	NA	NA	111	106	54852049;54852129;54852262;54853847;54855856	1	54866553	0.954955
HG01243	2	chr19	KIR3DL2.089	KIR3DL2.117	NA	NA	111	106	54852129;54852262;54853847;54855856;54866642	1	54866553	0.954955
HG01243	2	chr19	KIR3DL2.093	KIR3DL2.10601	NA	NA	111	106	54852129;54852144;54853847;54853923;54855856	1	54866553	0.954955
HG01243	2	chr19	KIR3DL2.093	KIR3DL2.109	NA	NA	111	106	54852049;54852129;54853847;54853923;54855856	1	54866553	0.954955
HG01243	2	chr19	KIR3DL2.093	KIR3DL2.117	NA	NA	111	106	54852129;54853847;54853923;54855856;54866642	1	54866553	0.954955
HG01243	2	chr19	KIR3DL2.10601	KIR3DL2.109	NA	NA	111	106	54852049;54852129;54852144;54853847;54855856	1	54866553	0.954955
HG01243	2	chr19	KIR3DL2.10601	KIR3DL2.117	NA	NA	111	106	54852129;54852144;54853847;54855856;54866642	1	54866553	0.954955
HG01243	2	chr19	KIR3DL2.109	KIR3DL2.109	NA	NA	111	106	54852049;54852129;54853847;54855856;54866553	1	54866553	0.954955
HG01243	2	chr19	KIR3DL2.117	KIR3DL2.117	NA	NA	111	106	54852129;54853847;54855856;54866553;54866642	1	54866553	0.954955
HG01243	2	chr19	KIR3DL2.0010301	KIR3DL2.00602	NA	NA	111	105	54850487;54852129;54852249;54853847;54855856;54866553	1	54866553	0.945946
HG01243	2	chr19	KIR3DL2.0010301	KIR3DL2.015	NA	NA	111	105	54852129;54852249;54853847;54853865;54855856;54866553	1	54866553	0.945946
HG01243	2	chr19	KIR3DL2.0010301	KIR3DL2.040	NA	NA	111	105	54852027;54852129;54852249;54853847;54855856;54866553	1	54866553	0.945946
HG01243	2	chr19	KIR3DL2.0010301	KIR3DL2.04302	NA	NA	111	105	54852129;54852249;54853847;54853888;54855856;54866553	1	54866553	0.945946
HG01243	2	chr19	KIR3DL2.0010301	KIR3DL2.109	NA	NA	111	105	54852049;54852129;54852249;54853847;54855856;54866553	1	54866553	0.945946
HG01243	2	chr19	KIR3DL2.0010301	KIR3DL2.117	NA	NA	111	105	54852129;54852249;54853847;54855856;54866553;54866642	1	54866553	0.945946
HG01243	2	chr19	KIR3DL2.0010302	KIR3DL2.00602	NA	NA	111	105	54850487;54852129;54852249;54853847;54855856;54866553	1	54866553	0.945946
HG01243	2	chr19	KIR3DL2.0010302	KIR3DL2.015	NA	NA	111	105	54852129;54852249;54853847;54853865;54855856;54866553	1	54866553	0.945946
HG01243	2	chr19	KIR3DL2.0010302	KIR3DL2.040	NA	NA	111	105	54852027;54852129;54852249;54853847;54855856;54866553	1	54866553	0.945946
HG01243	2	chr19	KIR3DL2.0010302	KIR3DL2.04302	NA	NA	111	105	54852129;54852249;54853847;54853888;54855856;54866553	1	54866553	0.945946
HG01243	2	chr19	KIR3DL2.0010302	KIR3DL2.109	NA	NA	111	105	54852049;54852129;54852249;54853847;54855856;54866553	1	54866553	0.945946
HG01243	2	chr19	KIR3DL2.0010302	KIR3DL2.117	NA	NA	111	105	54852129;54852249;54853847;54855856;54866553;54866642	1	54866553	0.945946
HG01243	2	chr19	KIR3DL2.00602	KIR3DL2.015	NA	NA	111	105	54850487;54852129;54853847;54853865;54855856;54866553	1	54866553	0.945946
HG01243	2	chr19	KIR3DL2.00602	KIR3DL2.040	NA	NA	111	105	54850487;54852027;54852129;54853847;54855856;54866553	1	54866553	0.945946
HG01243	2	chr19	KIR3DL2.00602	KIR3DL2.04302	NA	NA	111	105	54850487;54852129;54853847;54853888;54855856;54866553	1	54866553	0.945946
HG01243	2	chr19	KIR3DL2.00602	KIR3DL2.109	NA	NA	111	105	54850487;54852049;54852129;54853847;54855856;54866553	1	54866553	0.945946
HG01243	2	chr19	KIR3DL2.00602	KIR3DL2.117	NA	NA	111	105	54850487;54852129;54853847;54855856;54866553;54866642	1	54866553	0.945946
HG01243	2	chr19	KIR3DL2.00902	KIR3DL2.014	NA	NA	111	105	54852027;54852129;54852249;54853847;54855856;54866553	1	54866553	0.945946
HG01243	2	chr19	KIR3DL2.00902	KIR3DL2.01902	NA	NA	111	105	54850487;54852129;54852249;54853847;54855856;54866553	1	54866553	0.945946
HG01243	2	chr19	KIR3DL2.014	KIR3DL2.01902	NA	NA	111	105	54850487;54852027;54852129;54853847;54855856;54866553	1	54866553	0.945946
HG01243	2	chr19	KIR3DL2.015	KIR3DL2.040	NA	NA	111	105	54852027;54852129;54853847;54853865;54855856;54866553	1	54866553	0.945946
HG01243	2	chr19	KIR3DL2.015	KIR3DL2.04302	NA	NA	111	105	54852129;54853847;54853865;54853888;54855856;54866553	1	54866553	0.945946
HG01243	2	chr19	KIR3DL2.015	KIR3DL2.109	NA	NA	111	105	54852049;54852129;54853847;54853865;54855856;54866553	1	54866553	0.945946
HG01243	2	chr19	KIR3DL2.015	KIR3DL2.117	NA	NA	111	105	54852129;54853847;54853865;54855856;54866553;54866642	1	54866553	0.945946
HG01243	2	chr19	KIR3DL2.040	KIR3DL2.04302	NA	NA	111	105	54852027;54852129;54853847;54853888;54855856;54866553	1	54866553	0.945946
HG01243	2	chr19	KIR3DL2.040	KIR3DL2.109	NA	NA	111	105	54852027;54852049;54852129;54853847;54855856;54866553	1	54866553	0.945946
HG01243	2	chr19	KIR3DL2.040	KIR3DL2.117	NA	NA	111	105	54852027;54852129;54853847;54855856;54866553;54866642	1	54866553	0.945946
HG01243	2	chr19	KIR3DL2.04302	KIR3DL2.109	NA	NA	111	105	54852049;54852129;54853847;54853888;54855856;54866553	1	54866553	0.945946
HG01243	2	chr19	KIR3DL2.04302	KIR3DL2.117	NA	NA	111	105	54852129;54853847;54853888;54855856;54866553;54866642	1	54866553	0.945946
HG01243	2	chr19	KIR3DL2.109	KIR3DL2.117	NA	NA	111	105	54852049;54852129;54853847;54855856;54866553;54866642	1	54866553	0.945946
